         338
  0.725669E+00
   0.00000E+00  0.00000E+00  0.00000E+00  0.00000E+00  6.37698E-02  2.12566E-02  3.56581E-02  3.69231E+00  6.60355E+00  2.09296E-01  3.51095E-01  6.37698E-02  2.12566E-02  3.56581E-02  0.00000E+00  3.38462E+00  0.00000E+00  0.00000E+00  6.37698E-02  2.12566E-02  3.56581E-02
   3.69231E+00  3.38462E+00  1.52056E-01  3.07186E-01  7.00839E-02  3.70021E-02  4.28541E-02  7.38462E+00  9.82249E+00  4.79766E-01  7.51294E-01  7.00839E-02  3.70021E-02  4.28541E-02  3.69231E+00  6.60355E+00  2.09296E-01  3.51095E-01  7.00839E-02  3.70021E-02  4.28541E-02
   7.38462E+00  6.76923E+00  3.96050E-01  6.90409E-01  7.28370E-02  4.42201E-02  5.45085E-02  1.10769E+01  1.30414E+01  7.82536E-01  1.25095E+00  7.28370E-02  4.42201E-02  5.45085E-02  7.38462E+00  9.82249E+00  4.79766E-01  7.51294E-01  7.28370E-02  4.42201E-02  5.45085E-02
   1.10769E+01  1.01538E+01  7.05786E-01  1.17578E+00  7.23754E-02  5.01554E-02  6.85123E-02  1.47692E+01  1.62604E+01  1.07360E+00  1.91118E+00  7.23754E-02  5.01554E-02  6.85123E-02  1.10769E+01  1.30414E+01  7.82536E-01  1.25095E+00  7.23754E-02  5.01554E-02  6.85123E-02
   1.47692E+01  1.35385E+01  1.03961E+00  1.82145E+00  6.94882E-02  5.61275E-02  8.28338E-02  1.84615E+01  1.94793E+01  1.30128E+00  2.78678E+00  6.94882E-02  5.61275E-02  8.28338E-02  1.47692E+01  1.62604E+01  1.07360E+00  1.91118E+00  6.94882E-02  5.61275E-02  8.28338E-02
   1.84615E+01  1.69231E+01  1.34323E+00  2.68416E+00  6.50239E-02  6.18213E-02  9.57306E-02  2.21538E+01  2.26982E+01  1.41244E+00  3.91920E+00  6.50239E-02  6.18213E-02  9.57306E-02  1.84615E+01  1.94793E+01  1.30128E+00  2.78678E+00  6.50239E-02  6.18213E-02  9.57306E-02
   2.21538E+01  2.03077E+01  1.55641E+00  3.80760E+00  5.96172E-02  6.65539E-02  1.06042E-01  2.58462E+01  2.59172E+01  1.35679E+00  5.33594E+00  5.96172E-02  6.65539E-02  1.06042E-01  2.21538E+01  2.26982E+01  1.41244E+00  3.91920E+00  5.96172E-02  6.65539E-02  1.06042E-01
   2.58462E+01  2.36923E+01  1.61929E+00  5.22052E+00  5.35366E-02  6.97212E-02  1.13221E-01  2.95385E+01  2.91361E+01  1.08888E+00  7.05335E+00  5.35366E-02  6.97212E-02  1.13221E-01  2.58462E+01  2.59172E+01  1.35679E+00  5.33594E+00  5.35366E-02  6.97212E-02  1.13221E-01
   2.95385E+01  2.70769E+01  1.47640E+00  6.93934E+00  4.66232E-02  7.09060E-02  1.17135E-01  3.32308E+01  3.23550E+01  5.67977E-01  9.07976E+00  4.66232E-02  7.09060E-02  1.17135E-01  2.95385E+01  2.91361E+01  1.08888E+00  7.05335E+00  4.66232E-02  7.09060E-02  1.17135E-01
   3.32308E+01  3.04615E+01  1.07785E+00  8.97175E+00  3.82790E-02  6.98042E-02  1.17745E-01  3.69231E+01  3.55740E+01 -2.43376E-01  1.14170E+01  3.82790E-02  6.98042E-02  1.17745E-01  3.32308E+01  3.23550E+01  5.67977E-01  9.07976E+00  3.82790E-02  6.98042E-02  1.17745E-01
   3.69231E+01  3.38462E+01  3.77974E-01  1.13186E+01  2.74842E-02  6.60804E-02  1.14734E-01  4.06154E+01  3.87929E+01 -1.38081E+00  1.40577E+01  2.74842E-02  6.60804E-02  1.14734E-01  3.69231E+01  3.55740E+01 -2.43376E-01  1.14170E+01  2.74842E-02  6.60804E-02  1.14734E-01
   4.06154E+01  3.72308E+01 -6.67741E-01  1.39718E+01  1.29716E-02  5.93113E-02  1.07127E-01  4.43077E+01  4.20118E+01 -2.87527E+00  1.69749E+01  1.29716E-02  5.93113E-02  1.07127E-01  4.06154E+01  3.87929E+01 -1.38081E+00  1.40577E+01  1.29716E-02  5.93113E-02  1.07127E-01
   4.43077E+01  4.06154E+01 -2.10637E+00  1.69035E+01 -5.89289E-03  4.91991E-02  9.26630E-02  4.80000E+01  4.52308E+01 -4.72994E+00  2.00850E+01 -5.89289E-03  4.91991E-02  9.26630E-02  4.43077E+01  4.20118E+01 -2.87527E+00  1.69749E+01 -5.89289E-03  4.91991E-02  9.26630E-02
   0.00000E+00  3.38462E+00  0.00000E+00  0.00000E+00  7.50009E-02  2.50003E-02  3.76712E-02  3.69231E+00  9.82249E+00  2.46157E-01  3.70917E-01  7.50009E-02  2.50003E-02  3.76712E-02  0.00000E+00  6.76923E+00  0.00000E+00  0.00000E+00  7.50009E-02  2.50003E-02  3.76712E-02
   3.69231E+00  6.60355E+00  2.09296E-01  3.51095E-01  7.67162E-02  3.17298E-02  4.40235E-02  7.38462E+00  1.28757E+01  5.25328E-01  7.80898E-01  7.67162E-02  3.17298E-02  4.40235E-02  3.69231E+00  9.82249E+00  2.46157E-01  3.70917E-01  7.67162E-02  3.17298E-02  4.40235E-02
   7.38462E+00  9.82249E+00  4.79766E-01  7.51294E-01  7.48179E-02  3.46352E-02  5.46333E-02  1.10769E+01  1.59290E+01  8.04514E-01  1.29333E+00  7.48179E-02  3.46352E-02  5.46333E-02  7.38462E+00  1.28757E+01  5.25328E-01  7.80898E-01  7.48179E-02  3.46352E-02  5.46333E-02
   1.10769E+01  1.30414E+01  7.82536E-01  1.25095E+00  7.00155E-02  3.80174E-02  6.70337E-02  1.47692E+01  1.89822E+01  1.03948E+00  1.97007E+00  7.00155E-02  3.80174E-02  6.70337E-02  1.10769E+01  1.59290E+01  8.04514E-01  1.29333E+00  7.00155E-02  3.80174E-02  6.70337E-02
   1.47692E+01  1.62604E+01  1.07360E+00  1.91118E+00  6.34079E-02  4.27729E-02  7.92381E-02  1.84615E+01  2.20355E+01  1.18269E+00  2.86260E+00  6.34079E-02  4.27729E-02  7.92381E-02  1.47692E+01  1.89822E+01  1.03948E+00  1.97007E+00  6.34079E-02  4.27729E-02  7.92381E-02
   1.84615E+01  1.94793E+01  1.30128E+00  2.78678E+00  5.60328E-02  4.83382E-02  8.98256E-02  2.21538E+01  2.50888E+01  1.18844E+00  4.00889E+00  5.60328E-02  4.83382E-02  8.98256E-02  1.84615E+01  2.20355E+01  1.18269E+00  2.86260E+00  5.60328E-02  4.83382E-02  8.98256E-02
   2.21538E+01  2.26982E+01  1.41244E+00  3.91920E+00  4.85577E-02  5.37080E-02  9.80053E-02  2.58462E+01  2.81420E+01  1.01553E+00  5.43442E+00  4.85577E-02  5.37080E-02  9.80053E-02  2.21538E+01  2.50888E+01  1.18844E+00  4.00889E+00  4.85577E-02  5.37080E-02  9.80053E-02
   2.58462E+01  2.59172E+01  1.35679E+00  5.33594E+00  4.11509E-02  5.79792E-02  1.03507E-01  2.95385E+01  3.11953E+01  6.27775E-01  7.15507E+00  4.11509E-02  5.79792E-02  1.03507E-01  2.58462E+01  2.81420E+01  1.01553E+00  5.43442E+00  4.11509E-02  5.79792E-02  1.03507E-01
   2.95385E+01  2.91361E+01  1.08888E+00  7.05335E+00  3.34916E-02  6.05621E-02  1.06357E-01  3.32308E+01  3.42485E+01 -6.80551E-03  9.17991E+00  3.34916E-02  6.05621E-02  1.06357E-01  2.95385E+01  3.11953E+01  6.27775E-01  7.15507E+00  3.34916E-02  6.05621E-02  1.06357E-01
   3.32308E+01  3.23550E+01  5.67977E-01  9.07976E+00  2.48725E-02  6.11802E-02  1.06618E-01  3.69231E+01  3.73018E+01 -9.17104E-01  1.15120E+01  2.48725E-02  6.11802E-02  1.06618E-01  3.32308E+01  3.42485E+01 -6.80551E-03  9.17991E+00  2.48725E-02  6.11802E-02  1.06618E-01
   3.69231E+01  3.55740E+01 -2.43376E-01  1.14170E+01  1.44044E-02  5.98052E-02  1.04184E-01  4.06154E+01  4.03550E+01 -2.12809E+00  1.41455E+01  1.44044E-02  5.98052E-02  1.04184E-01  3.69231E+01  3.73018E+01 -9.17104E-01  1.15120E+01  1.44044E-02  5.98052E-02  1.04184E-01
   4.06154E+01  3.87929E+01 -1.38081E+00  1.40577E+01  1.47297E-03  5.67037E-02  9.86183E-02  4.43077E+01  4.34083E+01 -3.65302E+00  1.70544E+01  1.47297E-03  5.67037E-02  9.86183E-02  4.06154E+01  4.03550E+01 -2.12809E+00  1.41455E+01  1.47297E-03  5.67037E-02  9.86183E-02
   4.43077E+01  4.20118E+01 -2.87527E+00  1.69749E+01 -1.36399E-02  5.24010E-02  8.83223E-02  4.80000E+01  4.64615E+01 -5.46840E+00  2.01544E+01 -1.36399E-02  5.24010E-02  8.83223E-02  4.43077E+01  4.34083E+01 -3.65302E+00  1.70544E+01 -1.36399E-02  5.24010E-02  8.83223E-02
   0.00000E+00  6.76923E+00  0.00000E+00  0.00000E+00  8.01461E-02  2.67154E-02  3.77313E-02  3.69231E+00  1.30414E+01  2.63044E-01  3.71509E-01  8.01461E-02  2.67154E-02  3.77313E-02  0.00000E+00  1.01538E+01  0.00000E+00  0.00000E+00  8.01461E-02  2.67154E-02  3.77313E-02
   3.69231E+00  9.82249E+00  2.46157E-01  3.70917E-01  7.75418E-02  2.60312E-02  4.39110E-02  7.38462E+00  1.59290E+01  5.32462E-01  7.85024E-01  7.75418E-02  2.60312E-02  4.39110E-02  3.69231E+00  1.30414E+01  2.63044E-01  3.71509E-01  7.75418E-02  2.60312E-02  4.39110E-02
   7.38462E+00  1.28757E+01  5.25328E-01  7.80898E-01  7.13517E-02  2.51352E-02  5.37687E-02  1.10769E+01  1.88166E+01  7.71725E-01  1.30971E+00  7.13517E-02  2.51352E-02  5.37687E-02  7.38462E+00  1.59290E+01  5.32462E-01  7.85024E-01  7.13517E-02  2.51352E-02  5.37687E-02
   1.10769E+01  1.59290E+01  8.04514E-01  1.29333E+00  6.27484E-02  2.65898E-02  6.47217E-02  1.47692E+01  2.17041E+01  9.37897E-01  2.00528E+00  6.27484E-02  2.65898E-02  6.47217E-02  1.10769E+01  1.88166E+01  7.71725E-01  1.30971E+00  6.27484E-02  2.65898E-02  6.47217E-02
   1.47692E+01  1.89822E+01  1.03948E+00  1.97007E+00  5.31416E-02  3.06507E-02  7.49384E-02  1.84615E+01  2.45917E+01  9.88621E-01  2.91830E+00  5.31416E-02  3.06507E-02  7.49384E-02  1.47692E+01  2.17041E+01  9.37897E-01  2.00528E+00  5.31416E-02  3.06507E-02  7.49384E-02
   1.84615E+01  2.20355E+01  1.18269E+00  2.86260E+00  4.36747E-02  3.63453E-02  8.33612E-02  2.21538E+01  2.74793E+01  8.85922E-01  4.08232E+00  4.36747E-02  3.63453E-02  8.33612E-02  1.84615E+01  2.45917E+01  9.88621E-01  2.91830E+00  4.36747E-02  3.63453E-02  8.33612E-02
   2.21538E+01  2.50888E+01  1.18844E+00  4.00889E+00  3.49440E-02  4.23622E-02  8.95872E-02  2.58462E+01  3.03669E+01  5.97388E-01  5.52035E+00  3.49440E-02  4.23622E-02  8.95872E-02  2.21538E+01  2.74793E+01  8.85922E-01  4.08232E+00  3.49440E-02  4.23622E-02  8.95872E-02
   2.58462E+01  2.81420E+01  1.01553E+00  5.43442E+00  2.69504E-02  4.76088E-02  9.36398E-02  2.95385E+01  3.32544E+01  9.56104E-02  7.24781E+00  2.69504E-02  4.76088E-02  9.36398E-02  2.58462E+01  3.03669E+01  5.97388E-01  5.52035E+00  2.69504E-02  4.76088E-02  9.36398E-02
   2.95385E+01  3.11953E+01  6.27775E-01  7.15507E+00  1.92177E-02  5.14444E-02  9.57252E-02  3.32308E+01  3.61420E+01 -6.43002E-01  9.27461E+00  1.92177E-02  5.14444E-02  9.57252E-02  2.95385E+01  3.32544E+01  9.56104E-02  7.24781E+00  1.92177E-02  5.14444E-02  9.57252E-02
   3.32308E+01  3.42485E+01 -6.80551E-03  9.17991E+00  1.10226E-02  5.36924E-02  9.60453E-02  3.69231E+01  3.90296E+01 -1.63859E+00  1.16053E+01  1.10226E-02  5.36924E-02  9.60453E-02  3.32308E+01  3.61420E+01 -6.43002E-01  9.27461E+00  1.10226E-02  5.36924E-02  9.60453E-02
   3.69231E+01  3.73018E+01 -9.17104E-01  1.15120E+01  1.74288E-03  5.45857E-02  9.47054E-02  4.06154E+01  4.19172E+01 -2.90510E+00  1.42355E+01  1.74288E-03  5.45857E-02  9.47054E-02  3.69231E+01  3.90296E+01 -1.63859E+00  1.16053E+01  1.74288E-03  5.45857E-02  9.47054E-02
   4.06154E+01  4.03550E+01 -2.12809E+00  1.41455E+01 -8.64337E-03  5.47546E-02  9.16034E-02  4.43077E+01  4.48047E+01 -4.44069E+00  1.71405E+01 -8.64337E-03  5.47546E-02  9.16034E-02  4.06154E+01  4.19172E+01 -2.90510E+00  1.42355E+01 -8.64337E-03  5.47546E-02  9.16034E-02
   4.43077E+01  4.34083E+01 -3.65302E+00  1.70544E+01 -1.96860E-02  5.50498E-02  8.52295E-02  4.80000E+01  4.76923E+01 -6.20987E+00  2.02402E+01 -1.96860E-02  5.50498E-02  8.52295E-02  4.43077E+01  4.48047E+01 -4.44069E+00  1.71405E+01 -1.96860E-02  5.50498E-02  8.52295E-02
   0.00000E+00  1.01538E+01  0.00000E+00  0.00000E+00  7.92199E-02  2.64066E-02  3.62615E-02  3.69231E+00  1.62604E+01  2.60004E-01  3.57037E-01  7.92199E-02  2.64066E-02  3.62615E-02  0.00000E+00  1.35385E+01  0.00000E+00  0.00000E+00  7.92199E-02  2.64066E-02  3.62615E-02
   3.69231E+00  1.30414E+01  2.63044E-01  3.71509E-01  7.25297E-02  1.96807E-02  4.27824E-02  7.38462E+00  1.89822E+01  5.01013E-01  7.69528E-01  7.25297E-02  1.96807E-02  4.27824E-02  3.69231E+00  1.62604E+01  2.60004E-01  3.57037E-01  7.25297E-02  1.96807E-02  4.27824E-02
   7.38462E+00  1.59290E+01  5.32462E-01  7.85024E-01  6.24484E-02  1.57409E-02  5.21211E-02  1.10769E+01  2.17041E+01  6.84183E-01  1.30694E+00  6.24484E-02  1.57409E-02  5.21211E-02  7.38462E+00  1.89822E+01  5.01013E-01  7.69528E-01  6.24484E-02  1.57409E-02  5.21211E-02
   1.10769E+01  1.88166E+01  7.71725E-01  1.30971E+00  5.06796E-02  1.59315E-02  6.17017E-02  1.47692E+01  2.44260E+01  7.69180E-01  2.02378E+00  5.06796E-02  1.59315E-02  6.17017E-02  1.10769E+01  2.17041E+01  6.84183E-01  1.30694E+00  5.06796E-02  1.59315E-02  6.17017E-02
   1.47692E+01  2.17041E+01  9.37897E-01  2.00528E+00  3.88974E-02  1.97624E-02  6.99755E-02  1.84615E+01  2.71479E+01  7.19761E-01  2.96014E+00  3.88974E-02  1.97624E-02  6.99755E-02  1.47692E+01  2.44260E+01  7.69180E-01  2.02378E+00  3.88974E-02  1.97624E-02  6.99755E-02
   1.84615E+01  2.45917E+01  9.88621E-01  2.91830E+00  2.82345E-02  2.57817E-02  7.63277E-02  2.21538E+01  2.98698E+01  5.05995E-01  4.14459E+00  2.82345E-02  2.57817E-02  7.63277E-02  1.84615E+01  2.71479E+01  7.19761E-01  2.96014E+00  2.82345E-02  2.57817E-02  7.63277E-02
   2.21538E+01  2.74793E+01  8.85922E-01  4.08232E+00  1.91033E-02  3.24157E-02  8.07732E-02  2.58462E+01  3.25917E+01  1.04044E-01  5.59761E+00  1.91033E-02  3.24157E-02  8.07732E-02  2.21538E+01  2.98698E+01  5.05995E-01  4.14459E+00  1.91033E-02  3.24157E-02  8.07732E-02
   2.58462E+01  3.03669E+01  5.97388E-01  5.52035E+00  1.12825E-02  3.84842E-02  8.36292E-02  2.95385E+01  3.53136E+01 -5.05222E-01  7.33429E+00  1.12825E-02  3.84842E-02  8.36292E-02  2.58462E+01  3.25917E+01  1.04044E-01  5.59761E+00  1.12825E-02  3.84842E-02  8.36292E-02
   2.95385E+01  3.32544E+01  9.56104E-02  7.24781E+00  4.16503E-03  4.33842E-02  8.52729E-02  3.32308E+01  3.80355E+01 -1.33744E+00  9.36556E+00  4.16503E-03  4.33842E-02  8.52729E-02  2.95385E+01  3.53136E+01 -5.05222E-01  7.33429E+00  4.16503E-03  4.33842E-02  8.52729E-02
   3.32308E+01  3.61420E+01 -6.43002E-01  9.27461E+00 -2.90353E-03  4.70630E-02  8.60226E-02  3.69231E+01  4.07574E+01 -2.40434E+00  1.16974E+01 -2.90353E-03  4.70630E-02  8.60226E-02  3.32308E+01  3.80355E+01 -1.33744E+00  9.36556E+00 -2.90353E-03  4.70630E-02  8.60226E-02
   3.69231E+01  3.90296E+01 -1.63859E+00  1.16053E+01 -1.02181E-02  4.99213E-02  8.61187E-02  4.06154E+01  4.34793E+01 -3.70985E+00  1.43269E+01 -1.02181E-02  4.99213E-02  8.61187E-02  3.69231E+01  4.07574E+01 -2.40434E+00  1.16974E+01 -1.02181E-02  4.99213E-02  8.61187E-02
   4.06154E+01  4.19172E+01 -2.90510E+00  1.42355E+01 -1.73763E-02  5.27312E-02  8.55661E-02  4.43077E+01  4.62012E+01 -5.24112E+00  1.72309E+01 -1.73763E-02  5.27312E-02  8.55661E-02  4.06154E+01  4.34793E+01 -3.70985E+00  1.43269E+01 -1.73763E-02  5.27312E-02  8.55661E-02
   4.43077E+01  4.48047E+01 -4.44069E+00  1.71405E+01 -2.42379E-02  5.66638E-02  8.27453E-02  4.80000E+01  4.89231E+01 -6.96051E+00  2.03382E+01 -2.42379E-02  5.66638E-02  8.27453E-02  4.43077E+01  4.62012E+01 -5.24112E+00  1.72309E+01 -2.42379E-02  5.66638E-02  8.27453E-02
   0.00000E+00  1.35385E+01  0.00000E+00  0.00000E+00  7.21964E-02  2.40655E-02  3.36530E-02  3.69231E+00  1.94793E+01  2.36952E-01  3.31353E-01  7.21964E-02  2.40655E-02  3.36530E-02  0.00000E+00  1.69231E+01  0.00000E+00  0.00000E+00  7.21964E-02  2.40655E-02  3.36530E-02
   3.69231E+00  1.62604E+01  2.60004E-01  3.57037E-01  6.16197E-02  1.25610E-02  4.09222E-02  7.38462E+00  2.20355E+01  4.30706E-01  7.40325E-01  6.16197E-02  1.25610E-02  4.09222E-02  3.69231E+00  1.94793E+01  2.36952E-01  3.31353E-01  6.16197E-02  1.25610E-02  4.09222E-02
   7.38462E+00  1.89822E+01  5.01013E-01  7.69528E-01  4.81106E-02  6.47229E-03  4.98644E-02  1.10769E+01  2.45917E+01  5.41517E-01  1.29187E+00  4.81106E-02  6.47229E-03  4.98644E-02  7.38462E+00  2.20355E+01  4.30706E-01  7.40325E-01  4.81106E-02  6.47229E-03  4.98644E-02
   1.10769E+01  2.17041E+01  6.84183E-01  1.30694E+00  3.39403E-02  6.09596E-03  5.80287E-02  1.47692E+01  2.71479E+01  5.33037E-01  2.03232E+00  3.39403E-02  6.09596E-03  5.80287E-02  1.10769E+01  2.45917E+01  5.41517E-01  1.29187E+00  3.39403E-02  6.09596E-03  5.80287E-02
   1.47692E+01  2.44260E+01  7.69180E-01  2.02378E+00  2.09358E-02  1.01147E-02  6.43191E-02  1.84615E+01  2.97041E+01  3.76121E-01  2.99396E+00  2.09358E-02  1.01147E-02  6.43191E-02  1.47692E+01  2.71479E+01  5.33037E-01  2.03232E+00  2.09358E-02  1.01147E-02  6.43191E-02
   1.84615E+01  2.71479E+01  7.19761E-01  2.96014E+00  1.00572E-02  1.65843E-02  6.86633E-02  2.21538E+01  3.22604E+01  4.92040E-02  4.20023E+00  1.00572E-02  1.65843E-02  6.86633E-02  1.84615E+01  2.97041E+01  3.76121E-01  2.99396E+00  1.00572E-02  1.65843E-02  6.86633E-02
   2.21538E+01  2.98698E+01  5.05995E-01  4.14459E+00  1.41088E-03  2.37458E-02  7.15121E-02  2.58462E+01  3.48166E+01 -4.63262E-01  5.66938E+00  1.41088E-03  2.37458E-02  7.15121E-02  2.21538E+01  3.22604E+01  4.92040E-02  4.20023E+00  1.41088E-03  2.37458E-02  7.15121E-02
   2.58462E+01  3.25917E+01  1.04044E-01  5.59761E+00 -5.48465E-03  3.04319E-02  7.34455E-02  2.95385E+01  3.73728E+01 -1.17277E+00  7.41649E+00 -5.48465E-03  3.04319E-02  7.34455E-02  2.58462E+01  3.48166E+01 -4.63262E-01  5.66938E+00 -5.48465E-03  3.04319E-02  7.34455E-02
   2.95385E+01  3.53136E+01 -5.05222E-01  7.33429E+00 -1.13257E-02  3.61436E-02  7.49616E-02  3.32308E+01  3.99290E+01 -2.08774E+00  9.45359E+00 -1.13257E-02  3.61436E-02  7.49616E-02  2.95385E+01  3.73728E+01 -1.17277E+00  7.41649E+00 -1.13257E-02  3.61436E-02  7.49616E-02
   3.32308E+01  3.80355E+01 -1.33744E+00  9.36556E+00 -1.66238E-02  4.09485E-02  7.64304E-02  3.69231E+01  4.24852E+01 -3.21243E+00  1.17881E+01 -1.66238E-02  4.09485E-02  7.64304E-02  3.32308E+01  3.99290E+01 -2.08774E+00  9.45359E+00 -1.66238E-02  4.09485E-02  7.64304E-02
   3.69231E+01  4.07574E+01 -2.40434E+00  1.16974E+01 -2.13358E-02  4.53338E-02  7.81202E-02  4.06154E+01  4.50414E+01 -4.54253E+00  1.44182E+01 -2.13358E-02  4.53338E-02  7.81202E-02  3.69231E+01  4.24852E+01 -3.21243E+00  1.17881E+01 -2.13358E-02  4.53338E-02  7.81202E-02
   4.06154E+01  4.34793E+01 -3.70985E+00  1.43269E+01 -2.48138E-02  5.01292E-02  7.99949E-02  4.43077E+01  4.75976E+01 -6.05842E+00  1.73233E+01 -2.48138E-02  5.01292E-02  7.99949E-02  4.06154E+01  4.50414E+01 -4.54253E+00  1.44182E+01 -2.48138E-02  5.01292E-02  7.99949E-02
   4.43077E+01  4.62012E+01 -5.24112E+00  1.72309E+01 -2.74776E-02  5.70038E-02  8.03780E-02  4.80000E+01  5.01538E+01 -7.72612E+00  2.04448E+01 -2.74776E-02  5.70038E-02  8.03780E-02  4.43077E+01  4.75976E+01 -6.05842E+00  1.73233E+01 -2.74776E-02  5.70038E-02  8.03780E-02
   0.00000E+00  1.69231E+01  0.00000E+00  0.00000E+00  5.89913E-02  1.96638E-02  3.02875E-02  3.69231E+00  2.26982E+01  1.93612E-01  2.98215E-01  5.89913E-02  1.96638E-02  3.02875E-02  0.00000E+00  2.03077E+01  0.00000E+00  0.00000E+00  5.89913E-02  1.96638E-02  3.02875E-02
   3.69231E+00  1.94793E+01  2.36952E-01  3.31353E-01  4.46890E-02  4.60170E-03  3.86104E-02  7.38462E+00  2.50888E+01  3.20768E-01  7.03483E-01  4.46890E-02  4.60170E-03  3.86104E-02  3.69231E+00  2.26982E+01  1.93612E-01  2.98215E-01  4.46890E-02  4.60170E-03  3.86104E-02
   7.38462E+00  2.20355E+01  4.30706E-01  7.40325E-01  2.83247E-02 -2.62493E-03  4.71103E-02  1.10769E+01  2.74793E+01  3.42507E-01  1.27144E+00  2.83247E-02 -2.62493E-03  4.71103E-02  7.38462E+00  2.50888E+01  3.20768E-01  7.03483E-01  2.83247E-02 -2.62493E-03  4.71103E-02
   1.10769E+01  2.45917E+01  5.41517E-01  1.29187E+00  1.27029E-02 -2.84131E-03  5.36640E-02  1.47692E+01  2.98698E+01  2.28154E-01  2.03738E+00  1.27029E-02 -2.84131E-03  5.36640E-02  1.10769E+01  2.74793E+01  3.42507E-01  1.27144E+00  1.27029E-02 -2.84131E-03  5.36640E-02
   1.47692E+01  2.71479E+01  5.33037E-01  2.03232E+00 -4.10213E-04  1.72256E-03  5.78541E-02  1.84615E+01  3.22604E+01 -4.32484E-02  3.02505E+00 -4.10213E-04  1.72256E-03  5.78541E-02  1.47692E+01  2.98698E+01  2.28154E-01  2.03738E+00 -4.10213E-04  1.72256E-03  5.78541E-02
   1.84615E+01  2.97041E+01  3.76121E-01  2.99396E+00 -1.04442E-02  8.67829E-03  6.02468E-02  2.21538E+01  3.46509E+01 -4.84681E-01  4.25307E+00 -1.04442E-02  8.67829E-03  6.02468E-02  1.84615E+01  3.22604E+01 -4.32484E-02  3.02505E+00 -1.04442E-02  8.67829E-03  6.02468E-02
   2.21538E+01  3.22604E+01  4.92040E-02  4.20023E+00 -1.77209E-02  1.61988E-02  6.17092E-02  2.58462E+01  3.70414E+01 -1.10393E+00  5.73813E+00 -1.77209E-02  1.61988E-02  6.17092E-02  2.21538E+01  3.46509E+01 -4.84681E-01  4.25307E+00 -1.77209E-02  1.61988E-02  6.17092E-02
   2.58462E+01  3.48166E+01 -4.63262E-01  5.66938E+00 -2.29915E-02  2.32353E-02  6.30092E-02  2.95385E+01  3.94320E+01 -1.90580E+00  7.49563E+00 -2.29915E-02  2.32353E-02  6.30092E-02  2.58462E+01  3.70414E+01 -1.10393E+00  5.73813E+00 -2.29915E-02  2.32353E-02  6.30092E-02
   2.95385E+01  3.73728E+01 -1.17277E+00  7.41649E+00 -2.69747E-02  2.94442E-02  6.46801E-02  3.32308E+01  4.18225E+01 -2.89264E+00  9.53878E+00 -2.69747E-02  2.94442E-02  6.46801E-02  2.95385E+01  3.94320E+01 -1.90580E+00  7.49563E+00 -2.69747E-02  2.94442E-02  6.46801E-02
   3.32308E+01  3.99290E+01 -2.08774E+00  9.45359E+00 -2.99676E-02  3.50019E-02  6.70560E-02  3.69231E+01  4.42130E+01 -4.06255E+00  1.18761E+01 -2.99676E-02  3.50019E-02  6.70560E-02  3.32308E+01  4.18225E+01 -2.89264E+00  9.53878E+00 -2.99676E-02  3.50019E-02  6.70560E-02
   3.69231E+01  4.24852E+01 -3.21243E+00  1.17881E+01 -3.16000E-02  4.04327E-02  7.03405E-02  4.06154E+01  4.66036E+01 -5.40518E+00  1.45072E+01 -3.16000E-02  4.04327E-02  7.03405E-02  3.69231E+01  4.42130E+01 -4.06255E+00  1.18761E+01 -3.16000E-02  4.04327E-02  7.03405E-02
   4.06154E+01  4.50414E+01 -4.54253E+00  1.44182E+01 -3.11156E-02  4.66358E-02  7.44125E-02  4.43077E+01  4.89941E+01 -6.89758E+00  1.74152E+01 -3.11156E-02  4.66358E-02  7.44125E-02  4.06154E+01  4.66036E+01 -5.40518E+00  1.45072E+01 -3.11156E-02  4.66358E-02  7.44125E-02
   4.43077E+01  4.75976E+01 -6.05842E+00  1.73233E+01 -2.95669E-02  5.59609E-02  7.77428E-02  4.80000E+01  5.13846E+01 -8.51216E+00  2.05568E+01 -2.95669E-02  5.59609E-02  7.77428E-02  4.43077E+01  4.89941E+01 -6.89758E+00  1.74152E+01 -2.95669E-02  5.59609E-02  7.77428E-02
   0.00000E+00  2.03077E+01  0.00000E+00  0.00000E+00  3.93892E-02  1.31297E-02  2.65603E-02  3.69231E+00  2.59172E+01  1.29277E-01  2.61517E-01  3.93892E-02  1.31297E-02  2.65603E-02  0.00000E+00  2.36923E+01  0.00000E+00  0.00000E+00  3.93892E-02  1.31297E-02  2.65603E-02
   3.69231E+00  2.26982E+01  1.93612E-01  2.98215E-01  2.14971E-02 -4.23519E-03  3.61030E-02  7.38462E+00  2.81420E+01  1.69397E-01  6.65423E-01  2.14971E-02 -4.23519E-03  3.61030E-02  3.69231E+00  2.59172E+01  1.29277E-01  2.61517E-01  2.14971E-02 -4.23519E-03  3.61030E-02
   7.38462E+00  2.50888E+01  3.20768E-01  7.03483E-01  3.06070E-03 -1.14452E-02  4.38677E-02  1.10769E+01  3.03669E+01  8.44829E-02  1.25267E+00  3.06070E-03 -1.14452E-02  4.38677E-02  7.38462E+00  2.81420E+01  1.69397E-01  6.65423E-01  3.06070E-03 -1.14452E-02  4.38677E-02
   1.10769E+01  2.74793E+01  3.42507E-01  1.27144E+00 -1.27857E-02 -1.07620E-02  4.84429E-02  1.47692E+01  3.25917E+01 -1.48286E-01  2.04512E+00 -1.27857E-02 -1.07620E-02  4.84429E-02  1.10769E+01  3.03669E+01  8.44829E-02  1.25267E+00 -1.27857E-02 -1.07620E-02  4.84429E-02
   1.47692E+01  2.98698E+01  2.28154E-01  2.03738E+00 -2.47026E-02 -5.39133E-03  5.03666E-02  1.84615E+01  3.48166E+01 -5.40559E-01  3.05801E+00 -2.47026E-02 -5.39133E-03  5.03666E-02  1.47692E+01  3.25917E+01 -1.48286E-01  2.04512E+00 -2.47026E-02 -5.39133E-03  5.03666E-02
   1.84615E+01  3.22604E+01 -4.32484E-02  3.02505E+00 -3.27791E-02  1.96875E-03  5.08957E-02  2.21538E+01  3.70414E+01 -1.09686E+00  4.30616E+00 -3.27791E-02  1.96875E-03  5.08957E-02  1.84615E+01  3.48166E+01 -5.40559E-01  3.05801E+00 -3.27791E-02  1.96875E-03  5.08957E-02
   2.21538E+01  3.46509E+01 -4.84681E-01  4.25307E+00 -3.78607E-02  9.58934E-03  5.12288E-02  2.58462E+01  3.92663E+01 -1.81820E+00  5.80552E+00 -3.78607E-02  9.58934E-03  5.12288E-02  2.21538E+01  3.70414E+01 -1.09686E+00  4.30616E+00 -3.78607E-02  9.58934E-03  5.12288E-02
   2.58462E+01  3.70414E+01 -1.10393E+00  5.73813E+00 -4.09213E-02  1.66511E-02  5.21980E-02  2.95385E+01  4.14911E+01 -2.70405E+00  7.57224E+00 -4.09213E-02  1.66511E-02  5.21980E-02  2.58462E+01  3.92663E+01 -1.81820E+00  5.80552E+00 -4.09213E-02  1.66511E-02  5.21980E-02
   2.95385E+01  3.94320E+01 -1.90580E+00  7.49563E+00 -4.25969E-02  2.30052E-02  5.42601E-02  3.32308E+01  4.37160E+01 -3.75213E+00  9.62062E+00 -4.25969E-02  2.30052E-02  5.42601E-02  2.95385E+01  4.14911E+01 -2.70405E+00  7.57224E+00 -4.25969E-02  2.30052E-02  5.42601E-02
   3.32308E+01  4.18225E+01 -2.89264E+00  9.53878E+00 -4.28925E-02  2.89227E-02  5.76277E-02  3.69231E+01  4.59408E+01 -4.95599E+00  1.19602E+01 -4.28925E-02  2.89227E-02  5.76277E-02  3.32308E+01  4.37160E+01 -3.75213E+00  9.62062E+00 -4.28925E-02  2.89227E-02  5.76277E-02
   3.69231E+01  4.42130E+01 -4.06255E+00  1.18761E+01 -4.11233E-02  3.49443E-02  6.23880E-02  4.06154E+01  4.81657E+01 -6.30130E+00  1.45920E+01 -4.11233E-02  3.49443E-02  6.23880E-02  3.69231E+01  4.59408E+01 -4.95599E+00  1.19602E+01 -4.11233E-02  3.49443E-02  6.23880E-02
   4.06154E+01  4.66036E+01 -5.40518E+00  1.45072E+01 -3.65021E-02  4.20848E-02  6.83874E-02  4.43077E+01  5.03905E+01 -7.76416E+00  1.75041E+01 -3.65021E-02  4.20848E-02  6.83874E-02  4.06154E+01  4.81657E+01 -6.30130E+00  1.45920E+01 -3.65021E-02  4.20848E-02  6.83874E-02
   4.43077E+01  4.89941E+01 -6.89758E+00  1.74152E+01 -3.06485E-02  5.34829E-02  7.45243E-02  4.80000E+01  5.26154E+01 -9.32380E+00  2.06709E+01 -3.06485E-02  5.34829E-02  7.45243E-02  4.43077E+01  5.03905E+01 -7.76416E+00  1.75041E+01 -3.06485E-02  5.34829E-02  7.45243E-02
   0.00000E+00  2.36923E+01  0.00000E+00  0.00000E+00  1.29018E-02  4.30061E-03  2.29179E-02  3.69231E+00  2.91361E+01  4.23445E-02  2.25653E-01  1.29018E-02  4.30061E-03  2.29179E-02  0.00000E+00  2.70769E+01  0.00000E+00  0.00000E+00  1.29018E-02  4.30061E-03  2.29179E-02
   3.69231E+00  2.59172E+01  1.29277E-01  2.61517E-01 -8.38459E-03 -1.39362E-02  3.35965E-02  7.38462E+00  3.11953E+01 -2.70733E-02  6.33225E-01 -8.38459E-03 -1.39362E-02  3.35965E-02  3.69231E+00  2.91361E+01  4.23445E-02  2.25653E-01 -8.38459E-03 -1.39362E-02  3.35965E-02
   7.38462E+00  2.81420E+01  1.69397E-01  6.65423E-01 -2.76973E-02 -1.97778E-02  3.99772E-02  1.10769E+01  3.32544E+01 -2.37501E-01  1.24272E+00 -2.76973E-02 -1.97778E-02  3.99772E-02  7.38462E+00  3.11953E+01 -2.70733E-02  6.33225E-01 -2.76973E-02 -1.97778E-02  3.99772E-02
   1.10769E+01  3.03669E+01  8.44829E-02  1.25267E+00 -4.21323E-02 -1.74892E-02  4.20327E-02  1.47692E+01  3.53136E+01 -6.01153E-01  2.06121E+00 -4.21323E-02 -1.74892E-02  4.20327E-02  1.10769E+01  3.32544E+01 -2.37501E-01  1.24272E+00 -4.21323E-02 -1.74892E-02  4.20327E-02
   1.47692E+01  3.25917E+01 -1.48286E-01  2.04512E+00 -5.13466E-02 -1.12048E-02  4.15353E-02  1.84615E+01  3.73728E+01 -1.11955E+00  3.09667E+00 -5.13466E-02 -1.12048E-02  4.15353E-02  1.47692E+01  3.53136E+01 -6.01153E-01  2.06121E+00 -5.13466E-02 -1.12048E-02  4.15353E-02
   1.84615E+01  3.48166E+01 -5.40559E-01  3.05801E+00 -5.63718E-02 -3.66832E-03  4.03783E-02  2.21538E+01  3.94320E+01 -1.78959E+00  4.36170E+00 -5.63718E-02 -3.66832E-03  4.03783E-02  1.84615E+01  3.73728E+01 -1.11955E+00  3.09667E+00 -5.63718E-02 -3.66832E-03  4.03783E-02
   2.21538E+01  3.70414E+01 -1.09686E+00  4.30616E+00 -5.85841E-02  3.70502E-03  3.99139E-02  2.58462E+01  4.14911E+01 -2.60718E+00  5.87251E+00 -5.85841E-02  3.70502E-03  3.99139E-02  2.21538E+01  3.94320E+01 -1.78959E+00  4.36170E+00 -5.85841E-02  3.70502E-03  3.99139E-02
   2.58462E+01  3.92663E+01 -1.81820E+00  5.80552E+00 -5.90387E-02  1.04315E-02  4.08678E-02  2.95385E+01  4.35503E+01 -3.56823E+00  7.64628E+00 -5.90387E-02  1.04315E-02  4.08678E-02  2.58462E+01  4.14911E+01 -2.60718E+00  5.87251E+00 -5.90387E-02  1.04315E-02  4.08678E-02
   2.95385E+01  4.14911E+01 -2.70405E+00  7.57224E+00 -5.81308E-02  1.65780E-02  4.35036E-02  3.32308E+01  4.56095E+01 -4.66746E+00  9.69823E+00 -5.81308E-02  1.65780E-02  4.35036E-02  2.95385E+01  4.35503E+01 -3.56823E+00  7.64628E+00 -5.81308E-02  1.65780E-02  4.35036E-02
   3.32308E+01  4.37160E+01 -3.75213E+00  9.62062E+00 -5.54908E-02  2.24914E-02  4.78510E-02  3.69231E+01  4.76686E+01 -5.89545E+00  1.20387E+01 -5.54908E-02  2.24914E-02  4.78510E-02  3.32308E+01  4.56095E+01 -4.66746E+00  9.69823E+00 -5.54908E-02  2.24914E-02  4.78510E-02
   3.69231E+01  4.59408E+01 -4.95599E+00  1.19602E+01 -5.01305E-02  2.87159E-02  5.38817E-02  4.06154E+01  4.97278E+01 -7.23552E+00  1.46703E+01 -5.01305E-02  2.87159E-02  5.38817E-02  3.69231E+01  4.76686E+01 -5.89545E+00  1.20387E+01 -5.01305E-02  2.87159E-02  5.38817E-02
   4.06154E+01  4.81657E+01 -6.30130E+00  1.45920E+01 -4.12484E-02  3.64161E-02  6.15328E-02  4.43077E+01  5.17870E+01 -8.66410E+00  1.75877E+01 -4.12484E-02  3.64161E-02  6.15328E-02  4.06154E+01  4.97278E+01 -7.23552E+00  1.46703E+01 -4.12484E-02  3.64161E-02  6.15328E-02
   4.43077E+01  5.03905E+01 -7.76416E+00  1.75041E+01 -3.08438E-02  4.95305E-02  7.04413E-02  4.80000E+01  5.38462E+01 -1.01660E+01  2.07839E+01 -3.08438E-02  4.95305E-02  7.04413E-02  4.43077E+01  5.17870E+01 -8.66410E+00  1.75877E+01 -3.08438E-02  4.95305E-02  7.04413E-02
   0.00000E+00  2.70769E+01  0.00000E+00  0.00000E+00 -2.15049E-02 -7.16831E-03  1.99242E-02  3.69231E+00  3.23550E+01 -7.05803E-02  1.96176E-01 -2.15049E-02 -7.16831E-03  1.99242E-02  0.00000E+00  3.04615E+01  0.00000E+00  0.00000E+00 -2.15049E-02 -7.16831E-03  1.99242E-02
   3.69231E+00  2.91361E+01  4.23445E-02  2.25653E-01 -4.56442E-02 -2.43721E-02  3.11431E-02  7.38462E+00  3.42485E+01 -2.75543E-01  6.15008E-01 -4.56442E-02 -2.43721E-02  3.11431E-02  3.69231E+00  3.23550E+01 -7.05803E-02  1.96176E-01 -4.56442E-02 -2.43721E-02  3.11431E-02
   7.38462E+00  3.11953E+01 -2.70733E-02  6.33225E-01 -6.38378E-02 -2.72457E-02  3.49981E-02  1.10769E+01  3.61420E+01 -6.31808E-01  1.24878E+00 -6.38378E-02 -2.72457E-02  3.49981E-02  7.38462E+00  3.42485E+01 -2.75543E-01  6.15008E-01 -6.38378E-02 -2.72457E-02  3.49981E-02
   1.10769E+01  3.32544E+01 -2.37501E-01  1.24272E+00 -7.46523E-02 -2.27861E-02  3.38829E-02  1.47692E+01  3.80355E+01 -1.13796E+00  2.09057E+00 -7.46523E-02 -2.27861E-02  3.38829E-02  1.10769E+01  3.61420E+01 -6.31808E-01  1.24878E+00 -7.46523E-02 -2.27861E-02  3.38829E-02
   1.47692E+01  3.53136E+01 -6.01153E-01  2.06121E+00 -7.95124E-02 -1.57181E-02  3.09417E-02  1.84615E+01  3.99290E+01 -1.78564E+00  3.14384E+00 -7.95124E-02 -1.57181E-02  3.09417E-02  1.47692E+01  3.80355E+01 -1.13796E+00  2.09057E+00 -7.95124E-02 -1.57181E-02  3.09417E-02
   1.84615E+01  3.73728E+01 -1.11955E+00  3.09667E+00 -8.05617E-02 -8.39861E-03  2.84506E-02  2.21538E+01  4.18225E+01 -2.56615E+00  4.42103E+00 -8.05617E-02 -8.39861E-03  2.84506E-02  1.84615E+01  3.99290E+01 -1.78564E+00  3.14384E+00 -8.05617E-02 -8.39861E-03  2.84506E-02
   2.21538E+01  3.94320E+01 -1.78959E+00  4.36170E+00 -7.95172E-02 -1.68644E-03  2.76249E-02  2.58462E+01  4.37160E+01 -3.47277E+00  5.93946E+00 -7.95172E-02 -1.68644E-03  2.76249E-02  2.21538E+01  4.18225E+01 -2.56615E+00  4.42103E+00 -7.95172E-02 -1.68644E-03  2.76249E-02
   2.58462E+01  4.14911E+01 -2.60718E+00  5.87251E+00 -7.72333E-02  4.34726E-03  2.88868E-02  2.95385E+01  4.56095E+01 -4.49997E+00  7.71738E+00 -7.72333E-02  4.34726E-03  2.88868E-02  2.58462E+01  4.37160E+01 -3.47277E+00  5.93946E+00 -7.72333E-02  4.34726E-03  2.88868E-02
   2.95385E+01  4.35503E+01 -3.56823E+00  7.64628E+00 -7.36613E-02  9.97558E-03  3.22151E-02  3.32308E+01  4.75030E+01 -5.64099E+00  9.77065E+00 -7.36613E-02  9.97558E-03  3.22151E-02  2.95385E+01  4.56095E+01 -4.49997E+00  7.71738E+00 -7.36613E-02  9.97558E-03  3.22151E-02
   3.32308E+01  4.56095E+01 -4.66746E+00  9.69823E+00 -6.79883E-02  1.55876E-02  3.74414E-02  3.69231E+01  4.93964E+01 -6.88475E+00  1.21101E+01 -6.79883E-02  1.55876E-02  3.74414E-02  3.32308E+01  4.75030E+01 -5.64099E+00  9.77065E+00 -6.79883E-02  1.55876E-02  3.74414E-02
   3.69231E+01  4.76686E+01 -5.89545E+00  1.20387E+01 -5.89478E-02  2.17095E-02  4.44722E-02  4.06154E+01  5.12899E+01 -8.21329E+00  1.47404E+01 -5.89478E-02  2.17095E-02  4.44722E-02  3.69231E+01  4.93964E+01 -6.88475E+00  1.21101E+01 -5.89478E-02  2.17095E-02  4.44722E-02
   4.06154E+01  4.97278E+01 -7.23552E+00  1.46703E+01 -4.56849E-02  2.96457E-02  5.34979E-02  4.43077E+01  5.31834E+01 -9.60363E+00  1.76633E+01 -4.56849E-02  2.96457E-02  5.34979E-02  4.06154E+01  5.12899E+01 -8.21329E+00  1.47404E+01 -4.56849E-02  2.96457E-02  5.34979E-02
   4.43077E+01  5.17870E+01 -8.66410E+00  1.75877E+01 -3.02439E-02  4.40573E-02  6.52140E-02  4.80000E+01  5.50769E+01 -1.10435E+01  2.08921E+01 -3.02439E-02  4.40573E-02  6.52140E-02  4.43077E+01  5.31834E+01 -9.60363E+00  1.76633E+01 -3.02439E-02  4.40573E-02  6.52140E-02
   0.00000E+00  3.04615E+01  0.00000E+00  0.00000E+00 -6.59913E-02 -2.19971E-02  1.83767E-02  3.69231E+00  3.55740E+01 -2.16587E-01  1.80940E-01 -6.59913E-02 -2.19971E-02  1.83767E-02  0.00000E+00  3.38462E+01  0.00000E+00  0.00000E+00 -6.59913E-02 -2.19971E-02  1.83767E-02
   3.69231E+00  3.23550E+01 -7.05803E-02  1.96176E-01 -9.12393E-02 -3.51466E-02  2.84329E-02  7.38462E+00  3.73018E+01 -5.88584E-01  6.20194E-01 -9.12393E-02 -3.51466E-02  2.84329E-02  3.69231E+00  3.55740E+01 -2.16587E-01  1.80940E-01 -9.12393E-02 -3.51466E-02  2.84329E-02
   7.38462E+00  3.42485E+01 -2.75543E-01  6.15008E-01 -1.04805E-01 -3.32363E-02  2.80206E-02  1.10769E+01  3.90296E+01 -1.11180E+00  1.27759E+00 -1.04805E-01 -3.32363E-02  2.80206E-02  7.38462E+00  3.73018E+01 -5.88584E-01  6.20194E-01 -1.04805E-01 -3.32363E-02  2.80206E-02
   1.10769E+01  3.61420E+01 -6.31808E-01  1.24878E+00 -1.09093E-01 -2.63892E-02  2.31857E-02  1.47692E+01  4.07574E+01 -1.76933E+00  2.13687E+00 -1.09093E-01 -2.63892E-02  2.31857E-02  1.10769E+01  3.90296E+01 -1.11180E+00  1.27759E+00 -1.09093E-01 -2.63892E-02  2.31857E-02
   1.47692E+01  3.80355E+01 -1.13796E+00  2.09057E+00 -1.08037E-01 -1.90016E-02  1.81243E-02  1.84615E+01  4.24852E+01 -2.54563E+00  3.20118E+00 -1.08037E-01 -1.90016E-02  1.81243E-02  1.47692E+01  4.07574E+01 -1.76933E+00  2.13687E+00 -1.08037E-01 -1.90016E-02  1.81243E-02
   1.84615E+01  3.99290E+01 -1.78564E+00  3.14384E+00 -1.04638E-01 -1.24499E-02  1.49317E-02  2.21538E+01  4.42130E+01 -3.43036E+00  4.48472E+00 -1.04638E-01 -1.24499E-02  1.49317E-02  1.84615E+01  4.24852E+01 -2.54563E+00  3.20118E+00 -1.04638E-01 -1.24499E-02  1.49317E-02
   2.21538E+01  4.18225E+01 -2.56615E+00  4.42103E+00 -1.00409E-01 -6.82939E-03  1.42993E-02  2.58462E+01  4.59408E+01 -4.41733E+00  6.00636E+00 -1.00409E-01 -6.82939E-03  1.42993E-02  2.21538E+01  4.42130E+01 -3.43036E+00  4.48472E+00 -1.00409E-01 -6.82939E-03  1.42993E-02
   2.58462E+01  4.37160E+01 -3.47277E+00  5.93946E+00 -9.55728E-02 -1.79000E-03  1.61762E-02  2.95385E+01  4.76686E+01 -5.50154E+00  7.78514E+00 -9.55728E-02 -1.79000E-03  1.61762E-02  2.58462E+01  4.59408E+01 -4.41733E+00  6.00636E+00 -9.55728E-02 -1.79000E-03  1.61762E-02
   2.95385E+01  4.56095E+01 -4.49997E+00  7.71738E+00 -8.94333E-02  3.09318E-03  2.02328E-02  3.32308E+01  4.93964E+01 -6.67596E+00  9.83713E+00 -8.94333E-02  3.09318E-03  2.02328E-02  2.95385E+01  4.76686E+01 -5.50154E+00  7.78514E+00 -8.94333E-02  3.09318E-03  2.02328E-02
   3.32308E+01  4.75030E+01 -5.64099E+00  9.77065E+00 -8.07301E-02  8.19821E-03  2.61501E-02  3.69231E+01  5.11243E+01 -7.92855E+00  1.21735E+01 -8.07301E-02  8.19821E-03  2.61501E-02  3.32308E+01  4.93964E+01 -6.67596E+00  9.83713E+00 -8.07301E-02  8.19821E-03  2.61501E-02
   3.69231E+01  4.93964E+01 -6.88475E+00  1.21101E+01 -6.79898E-02  1.39914E-02  3.38553E-02  4.06154E+01  5.28521E+01 -9.24060E+00  1.48007E+01 -6.79898E-02  1.39914E-02  3.38553E-02  3.69231E+01  5.11243E+01 -7.92855E+00  1.21735E+01 -6.79898E-02  1.39914E-02  3.38553E-02
   4.06154E+01  5.12899E+01 -8.21329E+00  1.47404E+01 -5.02100E-02  2.18495E-02  4.39550E-02  4.43077E+01  5.45799E+01 -1.05892E+01  1.77284E+01 -5.02100E-02  2.18495E-02  4.39550E-02  4.06154E+01  5.28521E+01 -9.24060E+00  1.48007E+01 -5.02100E-02  2.18495E-02  4.39550E-02
   4.43077E+01  5.31834E+01 -9.60363E+00  1.76633E+01 -2.88903E-02  3.70061E-02  5.85312E-02  4.80000E+01  5.63077E+01 -1.19608E+01  2.09911E+01 -2.88903E-02  3.70061E-02  5.85312E-02  4.43077E+01  5.45799E+01 -1.05892E+01  1.77284E+01 -2.88903E-02  3.70061E-02  5.85312E-02
   0.00000E+00  3.38462E+01  0.00000E+00  0.00000E+00 -1.25254E-01 -4.17514E-02  1.94971E-02  3.69231E+00  3.87929E+01 -4.11090E-01  1.91972E-01 -1.25254E-01 -4.17514E-02  1.94971E-02  0.00000E+00  3.72308E+01  0.00000E+00  0.00000E+00 -1.25254E-01 -4.17514E-02  1.94971E-02
   3.69231E+00  3.55740E+01 -2.16587E-01  1.80940E-01 -1.46044E-01 -4.52540E-02  2.42333E-02  7.38462E+00  4.03550E+01 -9.89022E-01  6.59038E-01 -1.46044E-01 -4.52540E-02  2.42333E-02  3.69231E+00  3.87929E+01 -4.11090E-01  1.91972E-01 -1.46044E-01 -4.52540E-02  2.42333E-02
   7.38462E+00  3.73018E+01 -5.88584E-01  6.20194E-01 -1.48762E-01 -3.68653E-02  1.73685E-02  1.10769E+01  4.19172E+01 -1.69780E+00  1.33417E+00 -1.48762E-01 -3.68653E-02  1.73685E-02  7.38462E+00  4.03550E+01 -9.89022E-01  6.59038E-01 -1.48762E-01 -3.68653E-02  1.73685E-02
   1.10769E+01  3.90296E+01 -1.11180E+00  1.27759E+00 -1.43164E-01 -2.81238E-02  8.90202E-03  1.47692E+01  4.34793E+01 -2.50881E+00  2.20176E+00 -1.43164E-01 -2.81238E-02  8.90202E-03  1.10769E+01  4.19172E+01 -1.69780E+00  1.33417E+00 -1.43164E-01 -2.81238E-02  8.90202E-03
   1.47692E+01  4.07574E+01 -1.76933E+00  2.13687E+00 -1.35370E-01 -2.12837E-02  2.72614E-03  1.84615E+01  4.50414E+01 -3.40684E+00  3.26896E+00 -1.35370E-01 -2.12837E-02  2.72614E-03  1.47692E+01  4.34793E+01 -2.50881E+00  2.20176E+00 -1.35370E-01 -2.12837E-02  2.72614E-03
   1.84615E+01  4.24852E+01 -2.54563E+00  3.20118E+00 -1.27967E-01 -1.61384E-02 -1.64158E-04  2.21538E+01  4.66036E+01 -4.38577E+00  4.55274E+00 -1.27967E-01 -1.61384E-02 -1.64158E-04  1.84615E+01  4.50414E+01 -3.40684E+00  3.26896E+00 -1.27967E-01 -1.61384E-02 -1.64158E-04
   2.21538E+01  4.42130E+01 -3.43036E+00  4.48472E+00 -1.21260E-01 -1.19676E-02  2.89143E-05  2.58462E+01  4.81657E+01 -5.44309E+00  6.07314E+00 -1.21260E-01 -1.19676E-02  2.89143E-05  2.21538E+01  4.66036E+01 -4.38577E+00  4.55274E+00 -1.21260E-01 -1.19676E-02  2.89143E-05
   2.58462E+01  4.59408E+01 -4.41733E+00  6.00636E+00 -1.14360E-01 -8.10483E-03  2.74605E-03  2.95385E+01  4.97278E+01 -6.57558E+00  7.84940E+00 -1.14360E-01 -8.10483E-03  2.74605E-03  2.58462E+01  4.81657E+01 -5.44309E+00  6.07314E+00 -1.14360E-01 -8.10483E-03  2.74605E-03
   2.95385E+01  4.76686E+01 -5.50154E+00  7.78514E+00 -1.05848E-01 -4.07692E-03  7.44799E-03  3.32308E+01  5.12899E+01 -7.77618E+00  9.89734E+00 -1.05848E-01 -4.07692E-03  7.44799E-03  2.95385E+01  4.97278E+01 -6.57558E+00  7.84940E+00 -1.05848E-01 -4.07692E-03  7.44799E-03
   3.32308E+01  4.93964E+01 -6.67596E+00  9.83713E+00 -9.41479E-02  4.17215E-04  1.37817E-02  3.69231E+01  5.28521E+01 -9.03199E+00  1.22281E+01 -9.41479E-02  4.17215E-04  1.37817E-02  3.32308E+01  5.12899E+01 -7.77618E+00  9.89734E+00 -9.41479E-02  4.17215E-04  1.37817E-02
   3.69231E+01  5.11243E+01 -7.92855E+00  1.21735E+01 -7.77401E-02  5.72466E-03  2.17858E-02  4.06154E+01  5.44142E+01 -1.03237E+01  1.48501E+01 -7.77401E-02  5.72466E-03  2.17858E-02  3.69231E+01  5.28521E+01 -9.03199E+00  1.22281E+01 -7.77401E-02  5.72466E-03  2.17858E-02
   4.06154E+01  5.28521E+01 -9.24060E+00  1.48007E+01 -5.53283E-02  1.31623E-02  3.25865E-02  4.43077E+01  5.59763E+01 -1.16273E+01  1.77804E+01 -5.53283E-02  1.31623E-02  3.25865E-02  4.06154E+01  5.44142E+01 -1.03237E+01  1.48501E+01 -5.53283E-02  1.31623E-02  3.25865E-02
   4.43077E+01  5.45799E+01 -1.05892E+01  1.77284E+01 -2.67222E-02  2.83204E-02  5.00144E-02  4.80000E+01  5.75385E+01 -1.29221E+01  2.10759E+01 -2.67222E-02  2.83204E-02  5.00144E-02  4.43077E+01  5.59763E+01 -1.16273E+01  1.77804E+01 -2.67222E-02  2.83204E-02  5.00144E-02
   0.00000E+00  3.72308E+01  0.00000E+00  0.00000E+00 -2.10561E-01 -7.01869E-02  2.51333E-02  3.69231E+00  4.20118E+01 -6.91071E-01  2.47466E-01 -2.10561E-01 -7.01869E-02  2.51333E-02  0.00000E+00  4.06154E+01  0.00000E+00  0.00000E+00 -2.10561E-01 -7.01869E-02  2.51333E-02
   3.69231E+00  3.87929E+01 -4.11090E-01  1.91972E-01 -2.08685E-01 -5.23216E-02  1.49142E-02  7.38462E+00  4.34083E+01 -1.51867E+00  7.39543E-01 -2.08685E-01 -5.23216E-02  1.49142E-02  3.69231E+00  4.20118E+01 -6.91071E-01  2.47466E-01 -2.08685E-01 -5.23216E-02  1.49142E-02
   7.38462E+00  4.03550E+01 -9.89022E-01  6.59038E-01 -1.90494E-01 -3.71309E-02  2.40566E-04  1.10769E+01  4.48047E+01 -2.41857E+00  1.41923E+00 -1.90494E-01 -3.71309E-02  2.40566E-04  7.38462E+00  4.34083E+01 -1.51867E+00  7.39543E-01 -1.90494E-01 -3.71309E-02  2.40566E-04
   1.10769E+01  4.19172E+01 -1.69780E+00  1.33417E+00 -1.72923E-01 -2.81844E-02 -9.96478E-03  1.47692E+01  4.62012E+01 -3.37094E+00  2.28390E+00 -1.72923E-01 -2.81844E-02 -9.96478E-03  1.10769E+01  4.48047E+01 -2.41857E+00  1.41923E+00 -1.72923E-01 -2.81844E-02 -9.96478E-03
   1.47692E+01  4.34793E+01 -2.50881E+00  2.20176E+00 -1.59788E-01 -2.30854E-02 -1.51638E-02  1.84615E+01  4.75976E+01 -4.37482E+00  3.34623E+00 -1.59788E-01 -2.30854E-02 -1.51638E-02  1.47692E+01  4.62012E+01 -3.37094E+00  2.28390E+00 -1.59788E-01 -2.30854E-02 -1.51638E-02
   1.84615E+01  4.50414E+01 -3.40684E+00  3.26896E+00 -1.50333E-01 -1.98835E-02 -1.64251E-02  2.21538E+01  4.89941E+01 -5.43423E+00  4.62491E+00 -1.50333E-01 -1.98835E-02 -1.64251E-02  1.84615E+01  4.75976E+01 -4.37482E+00  3.34623E+00 -1.50333E-01 -1.98835E-02 -1.64251E-02
   2.21538E+01  4.66036E+01 -4.38577E+00  4.55274E+00 -1.42513E-01 -1.73130E-02 -1.48664E-02  2.58462E+01  5.03905E+01 -6.55159E+00  6.14010E+00 -1.42513E-01 -1.73130E-02 -1.48664E-02  2.21538E+01  4.89941E+01 -5.43423E+00  4.62491E+00 -1.42513E-01 -1.73130E-02 -1.48664E-02
   2.58462E+01  4.81657E+01 -5.44309E+00  6.07314E+00 -1.34176E-01 -1.46277E-02 -1.12941E-02  2.95385E+01  5.17870E+01 -7.72477E+00  7.91057E+00 -1.34176E-01 -1.46277E-02 -1.12941E-02  2.58462E+01  5.03905E+01 -6.55159E+00  6.14010E+00 -1.34176E-01 -1.46277E-02 -1.12941E-02
   2.95385E+01  4.97278E+01 -6.57558E+00  7.84940E+00 -1.23425E-01 -1.14348E-02 -6.19817E-03  3.32308E+01  5.31834E+01 -8.94575E+00  9.95163E+00 -1.23425E-01 -1.14348E-02 -6.19817E-03  2.95385E+01  5.17870E+01 -7.72477E+00  7.91057E+00 -1.23425E-01 -1.14348E-02 -6.19817E-03
   3.32308E+01  5.12899E+01 -7.77618E+00  9.89734E+00 -1.08696E-01 -7.56127E-03  2.01262E-04  3.69231E+01  5.45799E+01 -1.02003E+01  1.22743E+01 -1.08696E-01 -7.56127E-03  2.01262E-04  3.32308E+01  5.31834E+01 -8.94575E+00  9.95163E+00 -1.08696E-01 -7.56127E-03  2.01262E-04
   3.69231E+01  5.28521E+01 -9.03199E+00  1.22281E+01 -8.87094E-02 -2.83526E-03  8.10041E-03  4.06154E+01  5.59763E+01 -1.14687E+01  1.48882E+01 -8.87094E-02 -2.83526E-03  8.10041E-03  3.69231E+01  5.45799E+01 -1.02003E+01  1.22743E+01 -8.87094E-02 -2.83526E-03  8.10041E-03
   4.06154E+01  5.44142E+01 -1.03237E+01  1.48501E+01 -6.17584E-02  3.79277E-03  1.90765E-02  4.43077E+01  5.73728E+01 -1.27249E+01  1.78164E+01 -6.17584E-02  3.79277E-03  1.90765E-02  4.06154E+01  5.59763E+01 -1.14687E+01  1.48882E+01 -6.17584E-02  3.79277E-03  1.90765E-02
   4.43077E+01  5.59763E+01 -1.16273E+01  1.77804E+01 -2.34393E-02  1.79694E-02  3.91711E-02  4.80000E+01  5.87692E+01 -1.39312E+01  2.11403E+01 -2.34393E-02  1.79694E-02  3.91711E-02  4.43077E+01  5.73728E+01 -1.27249E+01  1.78164E+01 -2.34393E-02  1.79694E-02  3.91711E-02
   0.00000E+00  4.06154E+01  0.00000E+00  0.00000E+00 -3.53856E-01 -1.17952E-01  3.72188E-02  3.69231E+00  4.52308E+01 -1.16137E+00  3.66462E-01 -3.53856E-01 -1.17952E-01  3.72188E-02  0.00000E+00  4.40000E+01  0.00000E+00  0.00000E+00 -3.53856E-01 -1.17952E-01  3.72188E-02
   3.69231E+00  4.20118E+01 -6.91071E-01  2.47466E-01 -2.63840E-01 -5.09795E-02 -9.57619E-03  7.38462E+00  4.64615E+01 -2.25263E+00  8.57134E-01 -2.63840E-01 -5.09795E-02 -9.57619E-03  3.69231E+00  4.52308E+01 -1.16137E+00  3.66462E-01 -2.63840E-01 -5.09795E-02 -9.57619E-03
   7.38462E+00  4.34083E+01 -1.51867E+00  7.39543E-01 -2.16809E-01 -3.37563E-02 -2.71311E-02  1.10769E+01  4.76923E+01 -3.30747E+00  1.52498E+00 -2.16809E-01 -3.37563E-02 -2.71311E-02  7.38462E+00  4.64615E+01 -2.25263E+00  8.57134E-01 -2.16809E-01 -3.37563E-02 -2.71311E-02
   1.10769E+01  4.48047E+01 -2.41857E+00  1.41923E+00 -1.92965E-01 -2.77009E-02 -3.33152E-02  1.47692E+01  4.89231E+01 -4.36474E+00  2.37864E+00 -1.92965E-01 -2.77009E-02 -3.33152E-02  1.10769E+01  4.76923E+01 -3.30747E+00  1.52498E+00 -1.92965E-01 -2.77009E-02 -3.33152E-02
   1.47692E+01  4.62012E+01 -3.37094E+00  2.28390E+00 -1.80496E-01 -2.53551E-02 -3.43322E-02  1.84615E+01  5.01538E+01 -5.44934E+00  3.43155E+00 -1.80496E-01 -2.53551E-02 -3.43322E-02  1.47692E+01  4.89231E+01 -4.36474E+00  2.37864E+00 -1.80496E-01 -2.53551E-02 -3.43322E-02
   1.84615E+01  4.75976E+01 -4.37482E+00  3.34623E+00 -1.72610E-01 -2.41566E-02 -3.28079E-02  2.21538E+01  5.13846E+01 -6.57430E+00  4.70169E+00 -1.72610E-01 -2.41566E-02 -3.28079E-02  1.84615E+01  5.01538E+01 -5.44934E+00  3.43155E+00 -1.72610E-01 -2.41566E-02 -3.28079E-02
   2.21538E+01  4.89941E+01 -5.43423E+00  4.62491E+00 -1.65259E-01 -2.29667E-02 -2.98302E-02  2.58462E+01  5.26154E+01 -7.74319E+00  6.20842E+00 -1.65259E-01 -2.29667E-02 -2.98302E-02  2.21538E+01  5.13846E+01 -6.57430E+00  4.70169E+00 -1.65259E-01 -2.29667E-02 -2.98302E-02
   2.58462E+01  5.03905E+01 -6.55159E+00  6.14010E+00 -1.55867E-01 -2.12492E-02 -2.57846E-02  2.95385E+01  5.38462E+01 -8.95173E+00  7.96989E+00 -1.55867E-01 -2.12492E-02 -2.57846E-02  2.58462E+01  5.26154E+01 -7.74319E+00  6.20842E+00 -1.55867E-01 -2.12492E-02 -2.57846E-02
   2.95385E+01  5.17870E+01 -7.72477E+00  7.91057E+00 -1.42724E-01 -1.87672E-02 -2.07525E-02  3.32308E+01  5.50769E+01 -1.01890E+01  1.00011E+01 -1.42724E-01 -1.87672E-02 -2.07525E-02  2.95385E+01  5.38462E+01 -8.95173E+00  7.96989E+00 -1.42724E-01 -1.87672E-02 -2.07525E-02
   3.32308E+01  5.31834E+01 -8.94575E+00  9.95163E+00 -1.24747E-01 -1.54623E-02 -1.46723E-02  3.69231E+01  5.63077E+01 -1.14386E+01  1.23131E+01 -1.24747E-01 -1.54623E-02 -1.46723E-02  3.32308E+01  5.50769E+01 -1.01890E+01  1.00011E+01 -1.24747E-01 -1.54623E-02 -1.46723E-02
   3.69231E+01  5.45799E+01 -1.02003E+01  1.22743E+01 -1.01307E-01 -1.13472E-02 -7.22644E-03  4.06154E+01  5.75385E+01 -1.26808E+01  1.49157E+01 -1.01307E-01 -1.13472E-02 -7.22644E-03  3.69231E+01  5.63077E+01 -1.14386E+01  1.23131E+01 -1.01307E-01 -1.13472E-02 -7.22644E-03
   4.06154E+01  5.59763E+01 -1.14687E+01  1.48882E+01 -7.07460E-02 -5.93864E-03  3.11598E-03  4.43077E+01  5.87692E+01 -1.38897E+01  1.78332E+01 -7.07460E-02 -5.93864E-03  3.11598E-03  4.06154E+01  5.75385E+01 -1.26808E+01  1.49157E+01 -7.07460E-02 -5.93864E-03  3.11598E-03
   4.43077E+01  5.73728E+01 -1.27249E+01  1.78164E+01 -1.81150E-02  5.98509E-03  2.53130E-02  4.80000E+01  6.00000E+01 -1.49906E+01  2.11770E+01 -1.81150E-02  5.98509E-03  2.53130E-02  4.43077E+01  5.87692E+01 -1.38897E+01  1.78332E+01 -1.81150E-02  5.98509E-03  2.53130E-02
   0.00000E+00  0.00000E+00  0.00000E+00  0.00000E+00  3.31070E-02  2.46765E-02  3.31779E-02  3.69231E+00  3.38462E+00  1.52056E-01  3.07186E-01  3.31070E-02  2.46765E-02  3.31779E-02  3.69231E+00  6.60355E+00  2.09296E-01  3.51095E-01  3.31070E-02  2.46765E-02  3.31779E-02
   3.69231E+00  3.38462E+00  1.52056E-01  3.07186E-01  5.35446E-02  3.77893E-02  4.23482E-02  7.38462E+00  6.76923E+00  3.96050E-01  6.90409E-01  5.35446E-02  3.77893E-02  4.23482E-02  7.38462E+00  9.82249E+00  4.79766E-01  7.51294E-01  5.35446E-02  3.77893E-02  4.23482E-02
   7.38462E+00  6.76923E+00  3.96050E-01  6.90409E-01  7.67239E-02  5.16049E-02  5.03149E-02  1.10769E+01  1.01538E+01  7.05786E-01  1.17578E+00  7.67239E-02  5.16049E-02  5.03149E-02  1.10769E+01  1.30414E+01  7.82536E-01  1.25095E+00  7.67239E-02  5.16049E-02  5.03149E-02
   1.10769E+01  1.01538E+01  7.05786E-01  1.17578E+00  1.01199E-01  6.66977E-02  5.89263E-02  1.47692E+01  1.35385E+01  1.03961E+00  1.82145E+00  1.01199E-01  6.66977E-02  5.89263E-02  1.47692E+01  1.62604E+01  1.07360E+00  1.91118E+00  1.01199E-01  6.66977E-02  5.89263E-02
   1.47692E+01  1.35385E+01  1.03961E+00  1.82145E+00  1.24492E-01  8.16439E-02  6.76634E-02  1.84615E+01  1.69231E+01  1.34323E+00  2.68416E+00  1.24492E-01  8.16439E-02  6.76634E-02  1.84615E+01  1.94793E+01  1.30128E+00  2.78678E+00  1.24492E-01  8.16439E-02  6.76634E-02
   1.84615E+01  1.69231E+01  1.34323E+00  2.68416E+00  1.44566E-01  9.48702E-02  7.54683E-02  2.21538E+01  2.03077E+01  1.55641E+00  3.80760E+00  1.44566E-01  9.48702E-02  7.54683E-02  2.21538E+01  2.26982E+01  1.41244E+00  3.91920E+00  1.44566E-01  9.48702E-02  7.54683E-02
   2.21538E+01  2.03077E+01  1.55641E+00  3.80760E+00  1.60281E-01  1.05303E-01  8.14240E-02  2.58462E+01  2.36923E+01  1.61929E+00  5.22052E+00  1.60281E-01  1.05303E-01  8.14240E-02  2.58462E+01  2.59172E+01  1.35679E+00  5.33594E+00  1.60281E-01  1.05303E-01  8.14240E-02
   2.58462E+01  2.36923E+01  1.61929E+00  5.22052E+00  1.71298E-01  1.12464E-01  8.49638E-02  2.95385E+01  2.70769E+01  1.47640E+00  6.93934E+00  1.71298E-01  1.12464E-01  8.49638E-02  2.95385E+01  2.91361E+01  1.08888E+00  7.05335E+00  1.71298E-01  1.12464E-01  8.49638E-02
   2.95385E+01  2.70769E+01  1.47640E+00  6.93934E+00  1.77648E-01  1.16260E-01  8.58288E-02  3.32308E+01  3.04615E+01  1.07785E+00  8.97175E+00  1.77648E-01  1.16260E-01  8.58288E-02  3.32308E+01  3.23550E+01  5.67977E-01  9.07976E+00  1.77648E-01  1.16260E-01  8.58288E-02
   3.32308E+01  3.04615E+01  1.07785E+00  8.97175E+00  1.78958E-01  1.16571E-01  8.39315E-02  3.69231E+01  3.38462E+01  3.77974E-01  1.13186E+01  1.78958E-01  1.16571E-01  8.39315E-02  3.69231E+01  3.55740E+01 -2.43376E-01  1.14170E+01  1.78958E-01  1.16571E-01  8.39315E-02
   3.69231E+01  3.38462E+01  3.77974E-01  1.13186E+01  1.72741E-01  1.12568E-01  7.93837E-02  4.06154E+01  3.72308E+01 -6.67741E-01  1.39718E+01  1.72741E-01  1.12568E-01  7.93837E-02  4.06154E+01  3.87929E+01 -1.38081E+00  1.40577E+01  1.72741E-01  1.12568E-01  7.93837E-02
   4.06154E+01  3.72308E+01 -6.67741E-01  1.39718E+01  1.48666E-01  1.00719E-01  7.36831E-02  4.43077E+01  4.06154E+01 -2.10637E+00  1.69035E+01  1.48666E-01  1.00719E-01  7.36831E-02  4.43077E+01  4.20118E+01 -2.87527E+00  1.69749E+01  1.48666E-01  1.00719E-01  7.36831E-02
   4.43077E+01  4.06154E+01 -2.10637E+00  1.69035E+01  6.30610E-02  5.98423E-02  7.88262E-02  4.80000E+01  4.40000E+01 -3.98787E+00  2.00372E+01  6.30610E-02  5.98423E-02  7.88262E-02  4.80000E+01  4.52308E+01 -4.72994E+00  2.00850E+01  6.30610E-02  5.98423E-02  7.88262E-02
   0.00000E+00  3.38462E+00  0.00000E+00  0.00000E+00  5.48479E-02  2.44403E-02  3.79393E-02  3.69231E+00  6.60355E+00  2.09296E-01  3.51095E-01  5.48479E-02  2.44403E-02  3.79393E-02  3.69231E+00  9.82249E+00  2.46157E-01  3.70917E-01  5.48479E-02  2.44403E-02  3.79393E-02
   3.69231E+00  6.60355E+00  2.09296E-01  3.51095E-01  7.14091E-02  3.34990E-02  4.30714E-02  7.38462E+00  9.82249E+00  4.79766E-01  7.51294E-01  7.14091E-02  3.34990E-02  4.30714E-02  7.38462E+00  1.28757E+01  5.25328E-01  7.80898E-01  7.14091E-02  3.34990E-02  4.30714E-02
   7.38462E+00  9.82249E+00  4.79766E-01  7.51294E-01  9.02900E-02  4.47756E-02  4.88011E-02  1.10769E+01  1.30414E+01  7.82536E-01  1.25095E+00  9.02900E-02  4.47756E-02  4.88011E-02  1.10769E+01  1.59290E+01  8.04514E-01  1.29333E+00  9.02900E-02  4.47756E-02  4.88011E-02
   1.10769E+01  1.30414E+01  7.82536E-01  1.25095E+00  1.09089E-01  5.79999E-02  5.52811E-02  1.47692E+01  1.62604E+01  1.07360E+00  1.91118E+00  1.09089E-01  5.79999E-02  5.52811E-02  1.47692E+01  1.89822E+01  1.03948E+00  1.97007E+00  1.09089E-01  5.79999E-02  5.52811E-02
   1.47692E+01  1.62604E+01  1.07360E+00  1.91118E+00  1.25994E-01  7.16587E-02  6.18351E-02  1.84615E+01  1.94793E+01  1.30128E+00  2.78678E+00  1.25994E-01  7.16587E-02  6.18351E-02  1.84615E+01  2.20355E+01  1.18269E+00  2.86260E+00  1.25994E-01  7.16587E-02  6.18351E-02
   1.84615E+01  1.94793E+01  1.30128E+00  2.78678E+00  1.39844E-01  8.41366E-02  6.76048E-02  2.21538E+01  2.26982E+01  1.41244E+00  3.91920E+00  1.39844E-01  8.41366E-02  6.76048E-02  2.21538E+01  2.50888E+01  1.18844E+00  4.00889E+00  1.39844E-01  8.41366E-02  6.76048E-02
   2.21538E+01  2.26982E+01  1.41244E+00  3.91920E+00  1.50082E-01  9.42895E-02  7.18970E-02  2.58462E+01  2.59172E+01  1.35679E+00  5.33594E+00  1.50082E-01  9.42895E-02  7.18970E-02  2.58462E+01  2.81420E+01  1.01553E+00  5.43442E+00  1.50082E-01  9.42895E-02  7.18970E-02
   2.58462E+01  2.59172E+01  1.35679E+00  5.33594E+00  1.56513E-01  1.01569E-01  7.43026E-02  2.95385E+01  2.91361E+01  1.08888E+00  7.05335E+00  1.56513E-01  1.01569E-01  7.43026E-02  2.95385E+01  3.11953E+01  6.27775E-01  7.15507E+00  1.56513E-01  1.01569E-01  7.43026E-02
   2.95385E+01  2.91361E+01  1.08888E+00  7.05335E+00  1.58841E-01  1.05836E-01  7.46826E-02  3.32308E+01  3.23550E+01  5.67977E-01  9.07976E+00  1.58841E-01  1.05836E-01  7.46826E-02  3.32308E+01  3.42485E+01 -6.80551E-03  9.17991E+00  1.58841E-01  1.05836E-01  7.46826E-02
   3.32308E+01  3.23550E+01  5.67977E-01  9.07976E+00  1.55851E-01  1.06954E-01  7.31654E-02  3.69231E+01  3.55740E+01 -2.43376E-01  1.14170E+01  1.55851E-01  1.06954E-01  7.31654E-02  3.69231E+01  3.73018E+01 -9.17104E-01  1.15120E+01  1.55851E-01  1.06954E-01  7.31654E-02
   3.69231E+01  3.55740E+01 -2.43376E-01  1.14170E+01  1.43689E-01  1.04109E-01  7.04322E-02  4.06154E+01  3.87929E+01 -1.38081E+00  1.40577E+01  1.43689E-01  1.04109E-01  7.04322E-02  4.06154E+01  4.03550E+01 -2.12809E+00  1.41455E+01  1.43689E-01  1.04109E-01  7.04322E-02
   4.06154E+01  3.87929E+01 -1.38081E+00  1.40577E+01  1.12256E-01  9.43664E-02  6.88051E-02  4.43077E+01  4.20118E+01 -2.87527E+00  1.69749E+01  1.12256E-01  9.43664E-02  6.88051E-02  4.43077E+01  4.34083E+01 -3.65302E+00  1.70544E+01  1.12256E-01  9.43664E-02  6.88051E-02
   4.43077E+01  4.20118E+01 -2.87527E+00  1.69749E+01  4.45098E-02  7.12294E-02  7.24316E-02  4.80000E+01  4.52308E+01 -4.72994E+00  2.00850E+01  4.45098E-02  7.12294E-02  7.24316E-02  4.80000E+01  4.64615E+01 -5.46840E+00  2.01544E+01  4.45098E-02  7.12294E-02  7.24316E-02
   0.00000E+00  6.76923E+00  0.00000E+00  0.00000E+00  7.01896E-02  2.35804E-02  3.95815E-02  3.69231E+00  9.82249E+00  2.46157E-01  3.70917E-01  7.01896E-02  2.35804E-02  3.95815E-02  3.69231E+00  1.30414E+01  2.63044E-01  3.71509E-01  7.01896E-02  2.35804E-02  3.95815E-02
   3.69231E+00  9.82249E+00  2.46157E-01  3.70917E-01  8.33933E-02  2.91490E-02  4.20959E-02  7.38462E+00  1.28757E+01  5.25328E-01  7.80898E-01  8.33933E-02  2.91490E-02  4.20959E-02  7.38462E+00  1.59290E+01  5.32462E-01  7.85024E-01  8.33933E-02  2.91490E-02  4.20959E-02
   7.38462E+00  1.28757E+01  5.25328E-01  7.80898E-01  9.77555E-02  3.82588E-02  4.60264E-02  1.10769E+01  1.59290E+01  8.04514E-01  1.29333E+00  9.77555E-02  3.82588E-02  4.60264E-02  1.10769E+01  1.88166E+01  7.71725E-01  1.30971E+00  9.77555E-02  3.82588E-02  4.60264E-02
   1.10769E+01  1.59290E+01  8.04514E-01  1.29333E+00  1.11162E-01  4.99908E-02  5.07243E-02  1.47692E+01  1.89822E+01  1.03948E+00  1.97007E+00  1.11162E-01  4.99908E-02  5.07243E-02  1.47692E+01  2.17041E+01  9.37897E-01  2.00528E+00  1.11162E-01  4.99908E-02  5.07243E-02
   1.47692E+01  1.89822E+01  1.03948E+00  1.97007E+00  1.22432E-01  6.25979E-02  5.54214E-02  1.84615E+01  2.20355E+01  1.18269E+00  2.86260E+00  1.22432E-01  6.25979E-02  5.54214E-02  1.84615E+01  2.45917E+01  9.88621E-01  2.91830E+00  1.22432E-01  6.25979E-02  5.54214E-02
   1.84615E+01  2.20355E+01  1.18269E+00  2.86260E+00  1.30997E-01  7.43799E-02  5.94399E-02  2.21538E+01  2.50888E+01  1.18844E+00  4.00889E+00  1.30997E-01  7.43799E-02  5.94399E-02  2.21538E+01  2.74793E+01  8.85922E-01  4.08232E+00  1.30997E-01  7.43799E-02  5.94399E-02
   2.21538E+01  2.50888E+01  1.18844E+00  4.00889E+00  1.36638E-01  8.41715E-02  6.23246E-02  2.58462E+01  2.81420E+01  1.01553E+00  5.43442E+00  1.36638E-01  8.41715E-02  6.23246E-02  2.58462E+01  3.03669E+01  5.97388E-01  5.52035E+00  1.36638E-01  8.41715E-02  6.23246E-02
   2.58462E+01  2.81420E+01  1.01553E+00  5.43442E+00  1.39166E-01  9.14273E-02  6.38739E-02  2.95385E+01  3.11953E+01  6.27775E-01  7.15507E+00  1.39166E-01  9.14273E-02  6.38739E-02  2.95385E+01  3.32544E+01  9.56104E-02  7.24781E+00  1.39166E-01  9.14273E-02  6.38739E-02
   2.95385E+01  3.11953E+01  6.27775E-01  7.15507E+00  1.37977E-01  9.60105E-02  6.41402E-02  3.32308E+01  3.42485E+01 -6.80551E-03  9.17991E+00  1.37977E-01  9.60105E-02  6.41402E-02  3.32308E+01  3.61420E+01 -6.43002E-01  9.27461E+00  1.37977E-01  9.60105E-02  6.41402E-02
   3.32308E+01  3.42485E+01 -6.80551E-03  9.17991E+00  1.31355E-01  9.77899E-02  6.35176E-02  3.69231E+01  3.73018E+01 -9.17104E-01  1.15120E+01  1.31355E-01  9.77899E-02  6.35176E-02  3.69231E+01  3.90296E+01 -1.63859E+00  1.16053E+01  1.31355E-01  9.77899E-02  6.35176E-02
   3.69231E+01  3.73018E+01 -9.17104E-01  1.15120E+01  1.15371E-01  9.60929E-02  6.30655E-02  4.06154E+01  4.03550E+01 -2.12809E+00  1.41455E+01  1.15371E-01  9.60929E-02  6.30655E-02  4.06154E+01  4.19172E+01 -2.90510E+00  1.42355E+01  1.15371E-01  9.60929E-02  6.30655E-02
   4.06154E+01  4.03550E+01 -2.12809E+00  1.41455E+01  8.32041E-02  8.93465E-02  6.48143E-02  4.43077E+01  4.34083E+01 -3.65302E+00  1.70544E+01  8.32041E-02  8.93465E-02  6.48143E-02  4.43077E+01  4.48047E+01 -4.44069E+00  1.71405E+01  8.32041E-02  8.93465E-02  6.48143E-02
   4.43077E+01  4.34083E+01 -3.65302E+00  1.70544E+01  3.34686E-02  8.08845E-02  6.73016E-02  4.80000E+01  4.64615E+01 -5.46840E+00  2.01544E+01  3.34686E-02  8.08845E-02  6.73016E-02  4.80000E+01  4.76923E+01 -6.20987E+00  2.02402E+01  3.34686E-02  8.08845E-02  6.73016E-02
   0.00000E+00  1.01538E+01  0.00000E+00  0.00000E+00  7.92910E-02  2.19345E-02  3.86957E-02  3.69231E+00  1.30414E+01  2.63044E-01  3.71509E-01  7.92910E-02  2.19345E-02  3.86957E-02  3.69231E+00  1.62604E+01  2.60004E-01  3.57037E-01  7.92910E-02  2.19345E-02  3.86957E-02
   3.69231E+00  1.30414E+01  2.63044E-01  3.71509E-01  8.92472E-02  2.46738E-02  3.96236E-02  7.38462E+00  1.59290E+01  5.32462E-01  7.85024E-01  8.92472E-02  2.46738E-02  3.96236E-02  7.38462E+00  1.89822E+01  5.01013E-01  7.69528E-01  8.92472E-02  2.46738E-02  3.96236E-02
   7.38462E+00  1.59290E+01  5.32462E-01  7.85024E-01  9.92129E-02  3.21092E-02  4.22021E-02  1.10769E+01  1.88166E+01  7.71725E-01  1.30971E+00  9.92129E-02  3.21092E-02  4.22021E-02  1.10769E+01  2.17041E+01  6.84183E-01  1.30694E+00  9.92129E-02  3.21092E-02  4.22021E-02
   1.10769E+01  1.88166E+01  7.71725E-01  1.30971E+00  1.07714E-01  4.27013E-02  4.54061E-02  1.47692E+01  2.17041E+01  9.37897E-01  2.00528E+00  1.07714E-01  4.27013E-02  4.54061E-02  1.47692E+01  2.44260E+01  7.69180E-01  2.02378E+00  1.07714E-01  4.27013E-02  4.54061E-02
   1.47692E+01  2.17041E+01  9.37897E-01  2.00528E+00  1.14131E-01  5.44138E-02  4.84848E-02  1.84615E+01  2.45917E+01  9.88621E-01  2.91830E+00  1.14131E-01  5.44138E-02  4.84848E-02  1.84615E+01  2.71479E+01  7.19761E-01  2.96014E+00  1.14131E-01  5.44138E-02  4.84848E-02
   1.84615E+01  2.45917E+01  9.88621E-01  2.91830E+00  1.18304E-01  6.54827E-02  5.09832E-02  2.21538E+01  2.74793E+01  8.85922E-01  4.08232E+00  1.18304E-01  6.54827E-02  5.09832E-02  2.21538E+01  2.98698E+01  5.05995E-01  4.14459E+00  1.18304E-01  6.54827E-02  5.09832E-02
   2.21538E+01  2.74793E+01  8.85922E-01  4.08232E+00  1.20199E-01  7.47898E-02  5.27139E-02  2.58462E+01  3.03669E+01  5.97388E-01  5.52035E+00  1.20199E-01  7.47898E-02  5.27139E-02  2.58462E+01  3.25917E+01  1.04044E-01  5.59761E+00  1.20199E-01  7.47898E-02  5.27139E-02
   2.58462E+01  3.03669E+01  5.97388E-01  5.52035E+00  1.19576E-01  8.18546E-02  5.37101E-02  2.95385E+01  3.32544E+01  9.56104E-02  7.24781E+00  1.19576E-01  8.18546E-02  5.37101E-02  2.95385E+01  3.53136E+01 -5.05222E-01  7.33429E+00  1.19576E-01  8.18546E-02  5.37101E-02
   2.95385E+01  3.32544E+01  9.56104E-02  7.24781E+00  1.15636E-01  8.65762E-02  5.42295E-02  3.32308E+01  3.61420E+01 -6.43002E-01  9.27461E+00  1.15636E-01  8.65762E-02  5.42295E-02  3.32308E+01  3.80355E+01 -1.33744E+00  9.36556E+00  1.15636E-01  8.65762E-02  5.42295E-02
   3.32308E+01  3.61420E+01 -6.43002E-01  9.27461E+00  1.06583E-01  8.88550E-02  5.48732E-02  3.69231E+01  3.90296E+01 -1.63859E+00  1.16053E+01  1.06583E-01  8.88550E-02  5.48732E-02  3.69231E+01  4.07574E+01 -2.40434E+00  1.16974E+01  1.06583E-01  8.88550E-02  5.48732E-02
   3.69231E+01  3.90296E+01 -1.63859E+00  1.16053E+01  8.92995E-02  8.82898E-02  5.67833E-02  4.06154E+01  4.19172E+01 -2.90510E+00  1.42355E+01  8.92995E-02  8.82898E-02  5.67833E-02  4.06154E+01  4.34793E+01 -3.70985E+00  1.43269E+01  8.92995E-02  8.82898E-02  5.67833E-02
   4.06154E+01  4.19172E+01 -2.90510E+00  1.42355E+01  6.06975E-02  8.49756E-02  6.10999E-02  4.43077E+01  4.48047E+01 -4.44069E+00  1.71405E+01  6.06975E-02  8.49756E-02  6.10999E-02  4.43077E+01  4.62012E+01 -5.24112E+00  1.72309E+01  6.06975E-02  8.49756E-02  6.10999E-02
   4.43077E+01  4.48047E+01 -4.44069E+00  1.71405E+01  2.74090E-02  8.87675E-02  6.27519E-02  4.80000E+01  4.76923E+01 -6.20987E+00  2.02402E+01  2.74090E-02  8.87675E-02  6.27519E-02  4.80000E+01  4.89231E+01 -6.96051E+00  2.03382E+01  2.74090E-02  8.87675E-02  6.27519E-02
   0.00000E+00  1.35385E+01  0.00000E+00  0.00000E+00  8.21669E-02  1.94101E-02  3.57818E-02  3.69231E+00  1.62604E+01  2.60004E-01  3.57037E-01  8.21669E-02  1.94101E-02  3.57818E-02  3.69231E+00  1.94793E+01  2.36952E-01  3.31353E-01  8.21669E-02  1.94101E-02  3.57818E-02
   3.69231E+00  1.62604E+01  2.60004E-01  3.57037E-01  8.89427E-02  2.00830E-02  3.59026E-02  7.38462E+00  1.89822E+01  5.01013E-01  7.69528E-01  8.89427E-02  2.00830E-02  3.59026E-02  7.38462E+00  2.20355E+01  4.30706E-01  7.40325E-01  8.89427E-02  2.00830E-02  3.59026E-02
   7.38462E+00  1.89822E+01  5.01013E-01  7.69528E-01  9.48274E-02  2.63917E-02  3.74954E-02  1.10769E+01  2.17041E+01  6.84183E-01  1.30694E+00  9.48274E-02  2.63917E-02  3.74954E-02  1.10769E+01  2.45917E+01  5.41517E-01  1.29187E+00  9.48274E-02  2.63917E-02  3.74954E-02
   1.10769E+01  2.17041E+01  6.84183E-01  1.30694E+00  9.90233E-02  3.61439E-02  3.94040E-02  1.47692E+01  2.44260E+01  7.69180E-01  2.02378E+00  9.90233E-02  3.61439E-02  3.94040E-02  1.47692E+01  2.71479E+01  5.33037E-01  2.03232E+00  9.90233E-02  3.61439E-02  3.94040E-02
   1.47692E+01  2.44260E+01  7.69180E-01  2.02378E+00  1.01394E-01  4.70298E-02  4.10285E-02  1.84615E+01  2.71479E+01  7.19761E-01  2.96014E+00  1.01394E-01  4.70298E-02  4.10285E-02  1.84615E+01  2.97041E+01  3.76121E-01  2.99396E+00  1.01394E-01  4.70298E-02  4.10285E-02
   1.84615E+01  2.71479E+01  7.19761E-01  2.96014E+00  1.02067E-01  5.72978E-02  4.22045E-02  2.21538E+01  2.98698E+01  5.05995E-01  4.14459E+00  1.02067E-01  5.72978E-02  4.22045E-02  2.21538E+01  3.22604E+01  4.92040E-02  4.20023E+00  1.02067E-01  5.72978E-02  4.22045E-02
   2.21538E+01  2.98698E+01  5.05995E-01  4.14459E+00  1.01095E-01  6.59584E-02  4.30348E-02  2.58462E+01  3.25917E+01  1.04044E-01  5.59761E+00  1.01095E-01  6.59584E-02  4.30348E-02  2.58462E+01  3.48166E+01 -4.63262E-01  5.66938E+00  1.01095E-01  6.59584E-02  4.30348E-02
   2.58462E+01  3.25917E+01  1.04044E-01  5.59761E+00  9.81860E-02  7.26475E-02  4.37785E-02  2.95385E+01  3.53136E+01 -5.05222E-01  7.33429E+00  9.81860E-02  7.26475E-02  4.37785E-02  2.95385E+01  3.73728E+01 -1.17277E+00  7.41649E+00  9.81860E-02  7.26475E-02  4.37785E-02
   2.95385E+01  3.53136E+01 -5.05222E-01  7.33429E+00  9.24902E-02  7.73198E-02  4.48543E-02  3.32308E+01  3.80355E+01 -1.33744E+00  9.36556E+00  9.24902E-02  7.73198E-02  4.48543E-02  3.32308E+01  3.99290E+01 -2.08774E+00  9.45359E+00  9.24902E-02  7.73198E-02  4.48543E-02
   3.32308E+01  3.80355E+01 -1.33744E+00  9.36556E+00  8.24668E-02  7.99346E-02  4.69485E-02  3.69231E+01  4.07574E+01 -2.40434E+00  1.16974E+01  8.24668E-02  7.99346E-02  4.69485E-02  3.69231E+01  4.24852E+01 -3.21243E+00  1.17881E+01  8.24668E-02  7.99346E-02  4.69485E-02
   3.69231E+01  4.07574E+01 -2.40434E+00  1.16974E+01  6.61984E-02  8.04666E-02  5.10229E-02  4.06154E+01  4.34793E+01 -3.70985E+00  1.43269E+01  6.61984E-02  8.04666E-02  5.10229E-02  4.06154E+01  4.50414E+01 -4.54253E+00  1.44182E+01  6.61984E-02  8.04666E-02  5.10229E-02
   4.06154E+01  4.34793E+01 -3.70985E+00  1.43269E+01  4.36338E-02  8.07076E-02  5.71623E-02  4.43077E+01  4.62012E+01 -5.24112E+00  1.72309E+01  4.36338E-02  8.07076E-02  5.71623E-02  4.43077E+01  4.75976E+01 -6.05842E+00  1.73233E+01  4.36338E-02  8.07076E-02  5.71623E-02
   4.43077E+01  4.62012E+01 -5.24112E+00  1.72309E+01  2.44947E-02  9.47842E-02  5.83716E-02  4.80000E+01  4.89231E+01 -6.96051E+00  2.03382E+01  2.44947E-02  9.47842E-02  5.83716E-02  4.80000E+01  5.01538E+01 -7.72612E+00  2.04448E+01  2.44947E-02  9.47842E-02  5.83716E-02
   0.00000E+00  1.69231E+01  0.00000E+00  0.00000E+00  7.88223E-02  1.59794E-02  3.12767E-02  3.69231E+00  1.94793E+01  2.36952E-01  3.31353E-01  7.88223E-02  1.59794E-02  3.12767E-02  3.69231E+00  2.26982E+01  1.93612E-01  2.98215E-01  7.88223E-02  1.59794E-02  3.12767E-02
   3.69231E+00  1.94793E+01  2.36952E-01  3.31353E-01  8.25529E-02  1.54511E-02  3.11664E-02  7.38462E+00  2.20355E+01  4.30706E-01  7.40325E-01  8.25529E-02  1.54511E-02  3.11664E-02  7.38462E+00  2.50888E+01  3.20768E-01  7.03483E-01  8.25529E-02  1.54511E-02  3.11664E-02
   7.38462E+00  2.20355E+01  4.30706E-01  7.40325E-01  8.47869E-02  2.11867E-02  3.20087E-02  1.10769E+01  2.45917E+01  5.41517E-01  1.29187E+00  8.47869E-02  2.11867E-02  3.20087E-02  1.10769E+01  2.74793E+01  3.42507E-01  1.27144E+00  8.47869E-02  2.11867E-02  3.20087E-02
   1.10769E+01  2.45917E+01  5.41517E-01  1.29187E+00  8.53535E-02  3.03105E-02  3.27147E-02  1.47692E+01  2.71479E+01  5.33037E-01  2.03232E+00  8.53535E-02  3.03105E-02  3.27147E-02  1.47692E+01  2.98698E+01  2.28154E-01  2.03738E+00  8.53535E-02  3.03105E-02  3.27147E-02
   1.47692E+01  2.71479E+01  5.33037E-01  2.03232E+00  8.45262E-02  4.03351E-02  3.29881E-02  1.84615E+01  2.97041E+01  3.76121E-01  2.99396E+00  8.45262E-02  4.03351E-02  3.29881E-02  1.84615E+01  3.22604E+01 -4.32484E-02  3.02505E+00  8.45262E-02  4.03351E-02  3.29881E-02
   1.84615E+01  2.97041E+01  3.76121E-01  2.99396E+00  8.26241E-02  4.96472E-02  3.30221E-02  2.21538E+01  3.22604E+01  4.92040E-02  4.20023E+00  8.26241E-02  4.96472E-02  3.30221E-02  2.21538E+01  3.46509E+01 -4.84681E-01  4.25307E+00  8.26241E-02  4.96472E-02  3.30221E-02
   2.21538E+01  3.22604E+01  4.92040E-02  4.20023E+00  7.97229E-02  5.74734E-02  3.32036E-02  2.58462E+01  3.48166E+01 -4.63262E-01  5.66938E+00  7.97229E-02  5.74734E-02  3.32036E-02  2.58462E+01  3.70414E+01 -1.10393E+00  5.73813E+00  7.97229E-02  5.74734E-02  3.32036E-02
   2.58462E+01  3.48166E+01 -4.63262E-01  5.66938E+00  7.54953E-02  6.36009E-02  3.39669E-02  2.95385E+01  3.73728E+01 -1.17277E+00  7.41649E+00  7.54953E-02  6.36009E-02  3.39669E-02  2.95385E+01  3.94320E+01 -1.90580E+00  7.49563E+00  7.54953E-02  6.36009E-02  3.39669E-02
   2.95385E+01  3.73728E+01 -1.17277E+00  7.41649E+00  6.91653E-02  6.80462E-02  3.58056E-02  3.32308E+01  3.99290E+01 -2.08774E+00  9.45359E+00  6.91653E-02  6.80462E-02  3.58056E-02  3.32308E+01  4.18225E+01 -2.89264E+00  9.53878E+00  6.91653E-02  6.80462E-02  3.58056E-02
   3.32308E+01  3.99290E+01 -2.08774E+00  9.45359E+00  5.96427E-02  7.08470E-02  3.93556E-02  3.69231E+01  4.24852E+01 -3.21243E+00  1.17881E+01  5.96427E-02  7.08470E-02  3.93556E-02  3.69231E+01  4.42130E+01 -4.06255E+00  1.18761E+01  5.96427E-02  7.08470E-02  3.93556E-02
   3.69231E+01  4.24852E+01 -3.21243E+00  1.17881E+01  4.62129E-02  7.24119E-02  4.52361E-02  4.06154E+01  4.50414E+01 -4.54253E+00  1.44182E+01  4.62129E-02  7.24119E-02  4.52361E-02  4.06154E+01  4.66036E+01 -5.40518E+00  1.45072E+01  4.62129E-02  7.24119E-02  4.52361E-02
   4.06154E+01  4.50414E+01 -4.54253E+00  1.44182E+01  3.08344E-02  7.60947E-02  5.26150E-02  4.43077E+01  4.75976E+01 -6.05842E+00  1.73233E+01  3.08344E-02  7.60947E-02  5.26150E-02  4.43077E+01  4.89941E+01 -6.89758E+00  1.74152E+01  3.08344E-02  7.60947E-02  5.26150E-02
   4.43077E+01  4.75976E+01 -6.05842E+00  1.73233E+01  2.33986E-02  9.87663E-02  5.39211E-02  4.80000E+01  5.01538E+01 -7.72612E+00  2.04448E+01  2.33986E-02  9.87663E-02  5.39211E-02  4.80000E+01  5.13846E+01 -8.51216E+00  2.05568E+01  2.33986E-02  9.87663E-02  5.39211E-02
   0.00000E+00  2.03077E+01  0.00000E+00  0.00000E+00  6.92733E-02  1.16902E-02  2.55606E-02  3.69231E+00  2.26982E+01  1.93612E-01  2.98215E-01  6.92733E-02  1.16902E-02  2.55606E-02  3.69231E+00  2.59172E+01  1.29277E-01  2.61517E-01  6.92733E-02  1.16902E-02  2.55606E-02
   3.69231E+00  2.26982E+01  1.93612E-01  2.98215E-01  7.01784E-02  1.09273E-02  2.55951E-02  7.38462E+00  2.50888E+01  3.20768E-01  7.03483E-01  7.01784E-02  1.09273E-02  2.55951E-02  7.38462E+00  2.81420E+01  1.69397E-01  6.65423E-01  7.01784E-02  1.09273E-02  2.55951E-02
   7.38462E+00  2.50888E+01  3.20768E-01  7.03483E-01  6.92706E-02  1.65901E-02  2.57525E-02  1.10769E+01  2.74793E+01  3.42507E-01  1.27144E+00  6.92706E-02  1.65901E-02  2.57525E-02  1.10769E+01  3.03669E+01  8.44829E-02  1.25267E+00  6.92706E-02  1.65901E-02  2.57525E-02
   1.10769E+01  2.74793E+01  3.42507E-01  1.27144E+00  6.69574E-02  2.51620E-02  2.52378E-02  1.47692E+01  2.98698E+01  2.28154E-01  2.03738E+00  6.69574E-02  2.51620E-02  2.52378E-02  1.47692E+01  3.25917E+01 -1.48286E-01  2.04512E+00  6.69574E-02  2.51620E-02  2.52378E-02
   1.47692E+01  2.98698E+01  2.28154E-01  2.03738E+00  6.38461E-02  3.41771E-02  2.42230E-02  1.84615E+01  3.22604E+01 -4.32484E-02  3.02505E+00  6.38461E-02  3.41771E-02  2.42230E-02  1.84615E+01  3.48166E+01 -5.40559E-01  3.05801E+00  6.38461E-02  3.41771E-02  2.42230E-02
   1.84615E+01  3.22604E+01 -4.32484E-02  3.02505E+00  6.03520E-02  4.23269E-02  2.32976E-02  2.21538E+01  3.46509E+01 -4.84681E-01  4.25307E+00  6.03520E-02  4.23269E-02  2.32976E-02  2.21538E+01  3.70414E+01 -1.09686E+00  4.30616E+00  6.03520E-02  4.23269E-02  2.32976E-02
   2.21538E+01  3.46509E+01 -4.84681E-01  4.25307E+00  5.65150E-02  4.91299E-02  2.30817E-02  2.58462E+01  3.70414E+01 -1.10393E+00  5.73813E+00  5.65150E-02  4.91299E-02  2.30817E-02  2.58462E+01  3.92663E+01 -1.81820E+00  5.80552E+00  5.65150E-02  4.91299E-02  2.30817E-02
   2.58462E+01  3.70414E+01 -1.10393E+00  5.73813E+00  5.19868E-02  5.45331E-02  2.40930E-02  2.95385E+01  3.94320E+01 -1.90580E+00  7.49563E+00  5.19868E-02  5.45331E-02  2.40930E-02  2.95385E+01  4.14911E+01 -2.70405E+00  7.57224E+00  5.19868E-02  5.45331E-02  2.40930E-02
   2.95385E+01  3.94320E+01 -1.90580E+00  7.49563E+00  4.61476E-02  5.86028E-02  2.67950E-02  3.32308E+01  4.18225E+01 -2.89264E+00  9.53878E+00  4.61476E-02  5.86028E-02  2.67950E-02  3.32308E+01  4.37160E+01 -3.75213E+00  9.62062E+00  4.61476E-02  5.86028E-02  2.67950E-02
   3.32308E+01  4.18225E+01 -2.89264E+00  9.53878E+00  3.84215E-02  6.14593E-02  3.16637E-02  3.69231E+01  4.42130E+01 -4.06255E+00  1.18761E+01  3.84215E-02  6.14593E-02  3.16637E-02  3.69231E+01  4.59408E+01 -4.95599E+00  1.19602E+01  3.84215E-02  6.14593E-02  3.16637E-02
   3.69231E+01  4.42130E+01 -4.06255E+00  1.18761E+01  2.90888E-02  6.39484E-02  3.89314E-02  4.06154E+01  4.66036E+01 -5.40518E+00  1.45072E+01  2.90888E-02  6.39484E-02  3.89314E-02  4.06154E+01  4.81657E+01 -6.30130E+00  1.45920E+01  2.90888E-02  6.39484E-02  3.89314E-02
   4.06154E+01  4.66036E+01 -5.40518E+00  1.45072E+01  2.11628E-02  7.07533E-02  4.71642E-02  4.43077E+01  4.89941E+01 -6.89758E+00  1.74152E+01  2.11628E-02  7.07533E-02  4.71642E-02  4.43077E+01  5.03905E+01 -7.76416E+00  1.75041E+01  2.11628E-02  7.07533E-02  4.71642E-02
   4.43077E+01  4.89941E+01 -6.89758E+00  1.74152E+01  2.31624E-02  1.00458E-01  4.92566E-02  4.80000E+01  5.13846E+01 -8.51216E+00  2.05568E+01  2.31624E-02  1.00458E-01  4.92566E-02  4.80000E+01  5.26154E+01 -9.32380E+00  2.06709E+01  2.31624E-02  1.00458E-01  4.92566E-02
   0.00000E+00  2.36923E+01  0.00000E+00  0.00000E+00  5.35187E-02  6.69827E-03  1.89503E-02  3.69231E+00  2.59172E+01  1.29277E-01  2.61517E-01  5.35187E-02  6.69827E-03  1.89503E-02  3.69231E+00  2.91361E+01  4.23445E-02  2.25653E-01  5.35187E-02  6.69827E-03  1.89503E-02
   3.69231E+00  2.59172E+01  1.29277E-01  2.61517E-01  5.18898E-02  6.75117E-03  1.92741E-02  7.38462E+00  2.81420E+01  1.69397E-01  6.65423E-01  5.18898E-02  6.75117E-03  1.92741E-02  7.38462E+00  3.11953E+01 -2.70733E-02  6.33225E-01  5.18898E-02  6.75117E-03  1.92741E-02
   7.38462E+00  2.81420E+01  1.69397E-01  6.65423E-01  4.84246E-02  1.26965E-02  1.86058E-02  1.10769E+01  3.03669E+01  8.44829E-02  1.25267E+00  4.84246E-02  1.26965E-02  1.86058E-02  1.10769E+01  3.32544E+01 -2.37501E-01  1.24272E+00  4.84246E-02  1.26965E-02  1.86058E-02
   1.10769E+01  3.03669E+01  8.44829E-02  1.25267E+00  4.40808E-02  2.06044E-02  1.67550E-02  1.47692E+01  3.25917E+01 -1.48286E-01  2.04512E+00  4.40808E-02  2.06044E-02  1.67550E-02  1.47692E+01  3.53136E+01 -6.01153E-01  2.06121E+00  4.40808E-02  2.06044E-02  1.67550E-02
   1.47692E+01  3.25917E+01 -1.48286E-01  2.04512E+00  3.96947E-02  2.83538E-02  1.45153E-02  1.84615E+01  3.48166E+01 -5.40559E-01  3.05801E+00  3.96947E-02  2.83538E-02  1.45153E-02  1.84615E+01  3.73728E+01 -1.11955E+00  3.09667E+00  3.96947E-02  2.83538E-02  1.45153E-02
   1.84615E+01  3.48166E+01 -5.40559E-01  3.05801E+00  3.56556E-02  3.51182E-02  1.28468E-02  2.21538E+01  3.70414E+01 -1.09686E+00  4.30616E+00  3.56556E-02  3.51182E-02  1.28468E-02  2.21538E+01  3.94320E+01 -1.78959E+00  4.36170E+00  3.56556E-02  3.51182E-02  1.28468E-02
   2.21538E+01  3.70414E+01 -1.09686E+00  4.30616E+00  3.18999E-02  4.07444E-02  1.24915E-02  2.58462E+01  3.92663E+01 -1.81820E+00  5.80552E+00  3.18999E-02  4.07444E-02  1.24915E-02  2.58462E+01  4.14911E+01 -2.60718E+00  5.87251E+00  3.18999E-02  4.07444E-02  1.24915E-02
   2.58462E+01  3.92663E+01 -1.81820E+00  5.80552E+00  2.80650E-02  4.53099E-02  1.39305E-02  2.95385E+01  4.14911E+01 -2.70405E+00  7.57224E+00  2.80650E-02  4.53099E-02  1.39305E-02  2.95385E+01  4.35503E+01 -3.56823E+00  7.64628E+00  2.80650E-02  4.53099E-02  1.39305E-02
   2.95385E+01  4.14911E+01 -2.70405E+00  7.57224E+00  2.37315E-02  4.88988E-02  1.74977E-02  3.32308E+01  4.37160E+01 -3.75213E+00  9.62062E+00  2.37315E-02  4.88988E-02  1.74977E-02  3.32308E+01  4.56095E+01 -4.66746E+00  9.69823E+00  2.37315E-02  4.88988E-02  1.74977E-02
   3.32308E+01  4.37160E+01 -3.75213E+00  9.62062E+00  1.88162E-02  5.16982E-02  2.34502E-02  3.69231E+01  4.59408E+01 -4.95599E+00  1.19602E+01  1.88162E-02  5.16982E-02  2.34502E-02  3.69231E+01  4.76686E+01 -5.89545E+00  1.20387E+01  1.88162E-02  5.16982E-02  2.34502E-02
   3.69231E+01  4.59408E+01 -4.95599E+00  1.19602E+01  1.43161E-02  5.49375E-02  3.16914E-02  4.06154E+01  4.81657E+01 -6.30130E+00  1.45920E+01  1.43161E-02  5.49375E-02  3.16914E-02  4.06154E+01  4.97278E+01 -7.23552E+00  1.46703E+01  1.43161E-02  5.49375E-02  3.16914E-02
   4.06154E+01  4.81657E+01 -6.30130E+00  1.45920E+01  1.35776E-02  6.43377E-02  4.05808E-02  4.43077E+01  5.03905E+01 -7.76416E+00  1.75041E+01  1.35776E-02  6.43377E-02  4.05808E-02  4.43077E+01  5.17870E+01 -8.66410E+00  1.75877E+01  1.35776E-02  6.43377E-02  4.05808E-02
   4.43077E+01  5.03905E+01 -7.76416E+00  1.75041E+01  2.30882E-02  9.95014E-02  4.42772E-02  4.80000E+01  5.26154E+01 -9.32380E+00  2.06709E+01  2.30882E-02  9.95014E-02  4.42772E-02  4.80000E+01  5.38462E+01 -1.01660E+01  2.07839E+01  2.30882E-02  9.95014E-02  4.42772E-02
   0.00000E+00  2.70769E+01  0.00000E+00  0.00000E+00  3.14780E-02  1.33528E-03  1.16775E-02  3.69231E+00  2.91361E+01  4.23445E-02  2.25653E-01  3.14780E-02  1.33528E-03  1.16775E-02  3.69231E+00  3.23550E+01 -7.05803E-02  1.96176E-01  3.14780E-02  1.33528E-03  1.16775E-02
   3.69231E+00  2.91361E+01  4.23445E-02  2.25653E-01  2.76690E-02  3.25654E-03  1.21248E-02  7.38462E+00  3.11953E+01 -2.70733E-02  6.33225E-01  2.76690E-02  3.25654E-03  1.21248E-02  7.38462E+00  3.42485E+01 -2.75543E-01  6.15008E-01  2.76690E-02  3.25654E-03  1.21248E-02
   7.38462E+00  3.11953E+01 -2.70733E-02  6.33225E-01  2.23458E-02  9.54661E-03  1.02561E-02  1.10769E+01  3.32544E+01 -2.37501E-01  1.24272E+00  2.23458E-02  9.54661E-03  1.02561E-02  1.10769E+01  3.61420E+01 -6.31808E-01  1.24878E+00  2.23458E-02  9.54661E-03  1.02561E-02
   1.10769E+01  3.32544E+01 -2.37501E-01  1.24272E+00  1.69808E-02  1.64463E-02  6.91417E-03  1.47692E+01  3.53136E+01 -6.01153E-01  2.06121E+00  1.69808E-02  1.64463E-02  6.91417E-03  1.47692E+01  3.80355E+01 -1.13796E+00  2.09057E+00  1.69808E-02  1.64463E-02  6.91417E-03
   1.47692E+01  3.53136E+01 -6.01153E-01  2.06121E+00  1.24554E-02  2.26071E-02  3.58897E-03  1.84615E+01  3.73728E+01 -1.11955E+00  3.09667E+00  1.24554E-02  2.26071E-02  3.58897E-03  1.84615E+01  3.99290E+01 -1.78564E+00  3.14384E+00  1.24554E-02  2.26071E-02  3.58897E-03
   1.84615E+01  3.73728E+01 -1.11955E+00  3.09667E+00  8.96463E-03  2.78075E-02  1.47208E-03  2.21538E+01  3.94320E+01 -1.78959E+00  4.36170E+00  8.96463E-03  2.78075E-02  1.47208E-03  2.21538E+01  4.18225E+01 -2.56615E+00  4.42103E+00  8.96463E-03  2.78075E-02  1.47208E-03
   2.21538E+01  3.94320E+01 -1.78959E+00  4.36170E+00  6.27183E-03  3.21823E-02  1.25237E-03  2.58462E+01  4.14911E+01 -2.60718E+00  5.87251E+00  6.27183E-03  3.21823E-02  1.25237E-03  2.58462E+01  4.37160E+01 -3.47277E+00  5.93946E+00  6.27183E-03  3.21823E-02  1.25237E-03
   2.58462E+01  4.14911E+01 -2.60718E+00  5.87251E+00  4.01487E-03  3.58676E-02  3.24689E-03  2.95385E+01  4.35503E+01 -3.56823E+00  7.64628E+00  4.01487E-03  3.58676E-02  3.24689E-03  2.95385E+01  4.56095E+01 -4.49997E+00  7.71738E+00  4.01487E-03  3.58676E-02  3.24689E-03
   2.95385E+01  4.35503E+01 -3.56823E+00  7.64628E+00  2.00419E-03  3.89184E-02  7.59527E-03  3.32308E+01  4.56095E+01 -4.66746E+00  9.69823E+00  2.00419E-03  3.89184E-02  7.59527E-03  3.32308E+01  4.75030E+01 -5.64099E+00  9.77065E+00  2.00419E-03  3.89184E-02  7.59527E-03
   3.32308E+01  4.56095E+01 -4.66746E+00  9.69823E+00  5.91124E-04  4.15558E-02  1.43363E-02  3.69231E+01  4.76686E+01 -5.89545E+00  1.20387E+01  5.91124E-04  4.15558E-02  1.43363E-02  3.69231E+01  4.93964E+01 -6.88475E+00  1.21101E+01  5.91124E-04  4.15558E-02  1.43363E-02
   3.69231E+01  4.76686E+01 -5.89545E+00  1.20387E+01  1.23176E-03  4.52845E-02  2.31742E-02  4.06154E+01  4.97278E+01 -7.23552E+00  1.46703E+01  1.23176E-03  4.52845E-02  2.31742E-02  4.06154E+01  5.12899E+01 -8.21329E+00  1.47404E+01  1.23176E-03  4.52845E-02  2.31742E-02
   4.06154E+01  4.97278E+01 -7.23552E+00  1.46703E+01  7.14501E-03  5.65203E-02  3.26676E-02  4.43077E+01  5.17870E+01 -8.66410E+00  1.75877E+01  7.14501E-03  5.65203E-02  3.26676E-02  4.43077E+01  5.31834E+01 -9.60363E+00  1.76633E+01  7.14501E-03  5.65203E-02  3.26676E-02
   4.43077E+01  5.17870E+01 -8.66410E+00  1.75877E+01  2.26549E-02  9.54207E-02  3.88860E-02  4.80000E+01  5.38462E+01 -1.01660E+01  2.07839E+01  2.26549E-02  9.54207E-02  3.88860E-02  4.80000E+01  5.50769E+01 -1.10435E+01  2.08921E+01  2.26549E-02  9.54207E-02  3.88860E-02
   0.00000E+00  3.04615E+01  0.00000E+00  0.00000E+00  2.88846E-03 -3.77067E-03  3.82496E-03  3.69231E+00  3.23550E+01 -7.05803E-02  1.96176E-01  2.88846E-03 -3.77067E-03  3.82496E-03  3.69231E+00  3.55740E+01 -2.16587E-01  1.80940E-01  2.88846E-03 -3.77067E-03  3.82496E-03
   3.69231E+00  3.23550E+01 -7.05803E-02  1.96176E-01 -2.66217E-03  8.11228E-04  3.76318E-03  7.38462E+00  3.42485E+01 -2.75543E-01  6.15008E-01 -2.66217E-03  8.11228E-04  3.76318E-03  7.38462E+00  3.73018E+01 -5.88584E-01  6.20194E-01 -2.66217E-03  8.11228E-04  3.76318E-03
   7.38462E+00  3.42485E+01 -2.75543E-01  6.15008E-01 -8.90937E-03  7.00547E-03  1.14688E-04  1.10769E+01  3.61420E+01 -6.31808E-01  1.24878E+00 -8.90937E-03  7.00547E-03  1.14688E-04  1.10769E+01  3.90296E+01 -1.11180E+00  1.27759E+00 -8.90937E-03  7.00547E-03  1.14688E-04
   1.10769E+01  3.61420E+01 -6.31808E-01  1.24878E+00 -1.40182E-02  1.23381E-02 -4.76211E-03  1.47692E+01  3.80355E+01 -1.13796E+00  2.09057E+00 -1.40182E-02  1.23381E-02 -4.76211E-03  1.47692E+01  4.07574E+01 -1.76933E+00  2.13687E+00 -1.40182E-02  1.23381E-02 -4.76211E-03
   1.47692E+01  3.80355E+01 -1.13796E+00  2.09057E+00 -1.74001E-02  1.66292E-02 -8.83225E-03  1.84615E+01  3.99290E+01 -1.78564E+00  3.14384E+00 -1.74001E-02  1.66292E-02 -8.83225E-03  1.84615E+01  4.24852E+01 -2.54563E+00  3.20118E+00 -1.74001E-02  1.66292E-02 -8.83225E-03
   1.84615E+01  3.99290E+01 -1.78564E+00  3.14384E+00 -1.92579E-02  2.02211E-02 -1.09758E-02  2.21538E+01  4.18225E+01 -2.56615E+00  4.42103E+00 -1.92579E-02  2.02211E-02 -1.09758E-02  2.21538E+01  4.42130E+01 -3.43036E+00  4.48472E+00 -1.92579E-02  2.02211E-02 -1.09758E-02
   2.21538E+01  4.18225E+01 -2.56615E+00  4.42103E+00 -2.00305E-02  2.33908E-02 -1.07714E-02  2.58462E+01  4.37160E+01 -3.47277E+00  5.93946E+00 -2.00305E-02  2.33908E-02 -1.07714E-02  2.58462E+01  4.59408E+01 -4.41733E+00  6.00636E+00 -2.00305E-02  2.33908E-02 -1.07714E-02
   2.58462E+01  4.37160E+01 -3.47277E+00  5.93946E+00 -2.00211E-02  2.62306E-02 -8.15646E-03  2.95385E+01  4.56095E+01 -4.49997E+00  7.71738E+00 -2.00211E-02  2.62306E-02 -8.15646E-03  2.95385E+01  4.76686E+01 -5.50154E+00  7.78514E+00 -2.00211E-02  2.62306E-02 -8.15646E-03
   2.95385E+01  4.56095E+01 -4.49997E+00  7.71738E+00 -1.91475E-02  2.87258E-02 -3.18917E-03  3.32308E+01  4.75030E+01 -5.64099E+00  9.77065E+00 -1.91475E-02  2.87258E-02 -3.18917E-03  3.32308E+01  4.93964E+01 -6.67596E+00  9.83713E+00 -1.91475E-02  2.87258E-02 -3.18917E-03
   3.32308E+01  4.75030E+01 -5.64099E+00  9.77065E+00 -1.66829E-02  3.10936E-02  4.01080E-03  3.69231E+01  4.93964E+01 -6.88475E+00  1.21101E+01 -1.66829E-02  3.10936E-02  4.01080E-03  3.69231E+01  5.11243E+01 -7.92855E+00  1.21735E+01 -1.66829E-02  3.10936E-02  4.01080E-03
   3.69231E+01  4.93964E+01 -6.88475E+00  1.21101E+01 -1.09122E-02  3.49488E-02  1.31064E-02  4.06154E+01  5.12899E+01 -8.21329E+00  1.47404E+01 -1.09122E-02  3.49488E-02  1.31064E-02  4.06154E+01  5.28521E+01 -9.24060E+00  1.48007E+01 -1.09122E-02  3.49488E-02  1.31064E-02
   4.06154E+01  5.12899E+01 -8.21329E+00  1.47404E+01  1.02381E-03  4.69774E-02  2.32279E-02  4.43077E+01  5.31834E+01 -9.60363E+00  1.76633E+01  1.02381E-03  4.69774E-02  2.32279E-02  4.43077E+01  5.45799E+01 -1.05892E+01  1.77284E+01  1.02381E-03  4.69774E-02  2.32279E-02
   4.43077E+01  5.31834E+01 -9.60363E+00  1.76633E+01  2.14523E-02  8.76016E-02  3.29650E-02  4.80000E+01  5.50769E+01 -1.10435E+01  2.08921E+01  2.14523E-02  8.76016E-02  3.29650E-02  4.80000E+01  5.63077E+01 -1.19608E+01  2.09911E+01  2.14523E-02  8.76016E-02  3.29650E-02
   0.00000E+00  3.38462E+01  0.00000E+00  0.00000E+00 -3.28959E-02 -7.53809E-03 -4.88404E-03  3.69231E+00  3.55740E+01 -2.16587E-01  1.80940E-01 -3.28959E-02 -7.53809E-03 -4.88404E-03  3.69231E+00  3.87929E+01 -4.11090E-01  1.91972E-01 -3.28959E-02 -7.53809E-03 -4.88404E-03
   3.69231E+00  3.55740E+01 -2.16587E-01  1.80940E-01 -3.95287E-02 -4.54155E-04 -6.80241E-03  7.38462E+00  3.73018E+01 -5.88584E-01  6.20194E-01 -3.95287E-02 -4.54155E-04 -6.80241E-03  7.38462E+00  4.03550E+01 -9.89022E-01  6.59038E-01 -3.95287E-02 -4.54155E-04 -6.80241E-03
   7.38462E+00  3.73018E+01 -5.88584E-01  6.20194E-01 -4.52311E-02  4.52050E-03 -1.27751E-02  1.10769E+01  3.90296E+01 -1.11180E+00  1.27759E+00 -4.52311E-02  4.52050E-03 -1.27751E-02  1.10769E+01  4.19172E+01 -1.69780E+00  1.33417E+00 -4.52311E-02  4.52050E-03 -1.27751E-02
   1.10769E+01  3.90296E+01 -1.11180E+00  1.27759E+00 -4.83795E-02  7.71313E-03 -1.87921E-02  1.47692E+01  4.07574E+01 -1.76933E+00  2.13687E+00 -4.83795E-02  7.71313E-03 -1.87921E-02  1.47692E+01  4.34793E+01 -2.50881E+00  2.20176E+00 -4.83795E-02  7.71313E-03 -1.87921E-02
   1.47692E+01  4.07574E+01 -1.76933E+00  2.13687E+00 -4.92221E-02  1.01098E-02 -2.29001E-02  1.84615E+01  4.24852E+01 -2.54563E+00  3.20118E+00 -4.92221E-02  1.01098E-02 -2.29001E-02  1.84615E+01  4.50414E+01 -3.40684E+00  3.26896E+00 -4.92221E-02  1.01098E-02 -2.29001E-02
   1.84615E+01  4.24852E+01 -2.54563E+00  3.20118E+00 -4.84982E-02  1.22864E-02 -2.45059E-02  2.21538E+01  4.42130E+01 -3.43036E+00  4.48472E+00 -4.84982E-02  1.22864E-02 -2.45059E-02  2.21538E+01  4.66036E+01 -4.38577E+00  4.55274E+00 -4.84982E-02  1.22864E-02 -2.45059E-02
   2.21538E+01  4.42130E+01 -3.43036E+00  4.48472E+00 -4.67446E-02  1.44335E-02 -2.36184E-02  2.58462E+01  4.59408E+01 -4.41733E+00  6.00636E+00 -4.67446E-02  1.44335E-02 -2.36184E-02  2.58462E+01  4.81657E+01 -5.44309E+00  6.07314E+00 -4.67446E-02  1.44335E-02 -2.36184E-02
   2.58462E+01  4.59408E+01 -4.41733E+00  6.00636E+00 -4.40587E-02  1.65194E-02 -2.04146E-02  2.95385E+01  4.76686E+01 -5.50154E+00  7.78514E+00 -4.40587E-02  1.65194E-02 -2.04146E-02  2.95385E+01  4.97278E+01 -6.57558E+00  7.84940E+00 -4.40587E-02  1.65194E-02 -2.04146E-02
   2.95385E+01  4.76686E+01 -5.50154E+00  7.78514E+00 -4.00182E-02  1.84604E-02 -1.50682E-02  3.32308E+01  4.93964E+01 -6.67596E+00  9.83713E+00 -4.00182E-02  1.84604E-02 -1.50682E-02  3.32308E+01  5.12899E+01 -7.77618E+00  9.89734E+00 -4.00182E-02  1.84604E-02 -1.50682E-02
   3.32308E+01  4.93964E+01 -6.67596E+00  9.83713E+00 -3.35774E-02  2.04455E-02 -7.75614E-03  3.69231E+01  5.11243E+01 -7.92855E+00  1.21735E+01 -3.35774E-02  2.04455E-02 -7.75614E-03  3.69231E+01  5.28521E+01 -9.03199E+00  1.22281E+01 -3.35774E-02  2.04455E-02 -7.75614E-03
   3.69231E+01  5.11243E+01 -7.92855E+00  1.21735E+01 -2.29078E-02  2.39691E-02  1.27940E-03  4.06154E+01  5.28521E+01 -9.24060E+00  1.48007E+01 -2.29078E-02  2.39691E-02  1.27940E-03  4.06154E+01  5.44142E+01 -1.03237E+01  1.48501E+01 -2.29078E-02  2.39691E-02  1.27940E-03
   4.06154E+01  5.28521E+01 -9.24060E+00  1.48007E+01 -5.56713E-03  3.53721E-02  1.20301E-02  4.43077E+01  5.45799E+01 -1.05892E+01  1.77284E+01 -5.56713E-03  3.53721E-02  1.20301E-02  4.43077E+01  5.59763E+01 -1.16273E+01  1.77804E+01 -5.56713E-03  3.53721E-02  1.20301E-02
   4.43077E+01  5.45799E+01 -1.05892E+01  1.77284E+01  1.91292E-02  7.52688E-02  2.63652E-02  4.80000E+01  5.63077E+01 -1.19608E+01  2.09911E+01  1.91292E-02  7.52688E-02  2.63652E-02  4.80000E+01  5.75385E+01 -1.29221E+01  2.10759E+01  1.91292E-02  7.52688E-02  2.63652E-02
   0.00000E+00  3.72308E+01  0.00000E+00  0.00000E+00 -7.73903E-02 -8.55663E-03 -1.58553E-02  3.69231E+00  3.87929E+01 -4.11090E-01  1.91972E-01 -7.73903E-02 -8.55663E-03 -1.58553E-02  3.69231E+00  4.20118E+01 -6.91071E-01  2.47466E-01 -7.73903E-02 -8.55663E-03 -1.58553E-02
   3.69231E+00  3.87929E+01 -4.11090E-01  1.91972E-01 -8.36364E-02 -1.51171E-03 -2.17978E-02  7.38462E+00  4.03550E+01 -9.89022E-01  6.59038E-01 -8.36364E-02 -1.51171E-03 -2.17978E-02  7.38462E+00  4.34083E+01 -1.51867E+00  7.39543E-01 -8.36364E-02 -1.51171E-03 -2.17978E-02
   7.38462E+00  4.03550E+01 -9.89022E-01  6.59038E-01 -8.61042E-02  7.55313E-04 -2.97090E-02  1.10769E+01  4.19172E+01 -1.69780E+00  1.33417E+00 -8.61042E-02  7.55313E-04 -2.97090E-02  1.10769E+01  4.48047E+01 -2.41857E+00  1.41923E+00 -8.61042E-02  7.55313E-04 -2.97090E-02
   1.10769E+01  4.19172E+01 -1.69780E+00  1.33417E+00 -8.50328E-02  1.83299E-03 -3.54510E-02  1.47692E+01  4.34793E+01 -2.50881E+00  2.20176E+00 -8.50328E-02  1.83299E-03 -3.54510E-02  1.47692E+01  4.62012E+01 -3.37094E+00  2.28390E+00 -8.50328E-02  1.83299E-03 -3.54510E-02
   1.47692E+01  4.34793E+01 -2.50881E+00  2.20176E+00 -8.20472E-02  2.87840E-03 -3.84120E-02  1.84615E+01  4.50414E+01 -3.40684E+00  3.26896E+00 -8.20472E-02  2.87840E-03 -3.84120E-02  1.84615E+01  4.75976E+01 -4.37482E+00  3.34623E+00 -8.20472E-02  2.87840E-03 -3.84120E-02
   1.84615E+01  4.50414E+01 -3.40684E+00  3.26896E+00 -7.81924E-02  4.12702E-03 -3.88777E-02  2.21538E+01  4.66036E+01 -4.38577E+00  4.55274E+00 -7.81924E-02  4.12702E-03 -3.88777E-02  2.21538E+01  4.89941E+01 -5.43423E+00  4.62491E+00 -7.81924E-02  4.12702E-03 -3.88777E-02
   2.21538E+01  4.66036E+01 -4.38577E+00  4.55274E+00 -7.37259E-02  5.52231E-03 -3.71975E-02  2.58462E+01  4.81657E+01 -5.44309E+00  6.07314E+00 -7.37259E-02  5.52231E-03 -3.71975E-02  2.58462E+01  5.03905E+01 -6.55159E+00  6.14010E+00 -7.37259E-02  5.52231E-03 -3.71975E-02
   2.58462E+01  4.81657E+01 -5.44309E+00  6.07314E+00 -6.82912E-02  6.94325E-03 -3.35924E-02  2.95385E+01  4.97278E+01 -6.57558E+00  7.84940E+00 -6.82912E-02  6.94325E-03 -3.35924E-02  2.95385E+01  5.17870E+01 -7.72477E+00  7.91057E+00 -6.82912E-02  6.94325E-03 -3.35924E-02
   2.95385E+01  4.97278E+01 -6.57558E+00  7.84940E+00 -6.10617E-02  8.31686E-03 -2.81846E-02  3.32308E+01  5.12899E+01 -7.77618E+00  9.89734E+00 -6.10617E-02  8.31686E-03 -2.81846E-02  3.32308E+01  5.31834E+01 -8.94575E+00  9.95163E+00 -6.10617E-02  8.31686E-03 -2.81846E-02
   3.32308E+01  5.12899E+01 -7.77618E+00  9.89734E+00 -5.07558E-02  9.81593E-03 -2.10989E-02  3.69231E+01  5.28521E+01 -9.03199E+00  1.22281E+01 -5.07558E-02  9.81593E-03 -2.10989E-02  3.69231E+01  5.45799E+01 -1.02003E+01  1.22743E+01 -5.07558E-02  9.81593E-03 -2.10989E-02
   3.69231E+01  5.28521E+01 -9.03199E+00  1.22281E+01 -3.55658E-02  1.25237E-02 -1.24355E-02  4.06154E+01  5.44142E+01 -1.03237E+01  1.48501E+01 -3.55658E-02  1.25237E-02 -1.24355E-02  4.06154E+01  5.59763E+01 -1.14687E+01  1.48882E+01 -3.55658E-02  1.25237E-02 -1.24355E-02
   4.06154E+01  5.44142E+01 -1.03237E+01  1.48501E+01 -1.34027E-02  2.13149E-02 -1.24230E-03  4.43077E+01  5.59763E+01 -1.16273E+01  1.77804E+01 -1.34027E-02  2.13149E-02 -1.24230E-03  4.43077E+01  5.73728E+01 -1.27249E+01  1.78164E+01 -1.34027E-02  2.13149E-02 -1.24230E-03
   4.43077E+01  5.59763E+01 -1.16273E+01  1.77804E+01  1.53613E-02  5.74728E-02  1.89267E-02  4.80000E+01  5.75385E+01 -1.29221E+01  2.10759E+01  1.53613E-02  5.74728E-02  1.89267E-02  4.80000E+01  5.87692E+01 -1.39312E+01  2.11403E+01  1.53613E-02  5.74728E-02  1.89267E-02
   0.00000E+00  4.06154E+01  0.00000E+00  0.00000E+00 -1.34533E-01 -7.87718E-03 -3.48988E-02  3.69231E+00  4.20118E+01 -6.91071E-01  2.47466E-01 -1.34533E-01 -7.87718E-03 -3.48988E-02  3.69231E+00  4.52308E+01 -1.16137E+00  3.66462E-01 -1.34533E-01 -7.87718E-03 -3.48988E-02
   3.69231E+00  4.20118E+01 -6.91071E-01  2.47466E-01 -1.35436E-01 -6.63201E-03 -4.56306E-02  7.38462E+00  4.34083E+01 -1.51867E+00  7.39543E-01 -1.35436E-01 -6.63201E-03 -4.56306E-02  7.38462E+00  4.64615E+01 -2.25263E+00  8.57134E-01 -1.35436E-01 -6.63201E-03 -4.56306E-02
   7.38462E+00  4.34083E+01 -1.51867E+00  7.39543E-01 -1.29479E-01 -6.53875E-03 -5.16008E-02  1.10769E+01  4.48047E+01 -2.41857E+00  1.41923E+00 -1.29479E-01 -6.53875E-03 -5.16008E-02  1.10769E+01  4.76923E+01 -3.30747E+00  1.52498E+00 -1.29479E-01 -6.53875E-03 -5.16008E-02
   1.10769E+01  4.48047E+01 -2.41857E+00  1.41923E+00 -1.21772E-01 -5.78073E-03 -5.40368E-02  1.47692E+01  4.62012E+01 -3.37094E+00  2.28390E+00 -1.21772E-01 -5.78073E-03 -5.40368E-02  1.47692E+01  4.89231E+01 -4.36474E+00  2.37864E+00 -1.21772E-01 -5.78073E-03 -5.40368E-02
   1.47692E+01  4.62012E+01 -3.37094E+00  2.28390E+00 -1.14499E-01 -4.78622E-03 -5.44749E-02  1.84615E+01  4.75976E+01 -4.37482E+00  3.34623E+00 -1.14499E-01 -4.78622E-03 -5.44749E-02  1.84615E+01  5.01538E+01 -5.44934E+00  3.43155E+00 -1.14499E-01 -4.78622E-03 -5.44749E-02
   1.84615E+01  4.75976E+01 -4.37482E+00  3.34623E+00 -1.07826E-01 -3.82253E-03 -5.35316E-02  2.21538E+01  4.89941E+01 -5.43423E+00  4.62491E+00 -1.07826E-01 -3.82253E-03 -5.35316E-02  2.21538E+01  5.13846E+01 -6.57430E+00  4.70169E+00 -1.07826E-01 -3.82253E-03 -5.35316E-02
   2.21538E+01  4.89941E+01 -5.43423E+00  4.62491E+00 -1.01049E-01 -2.97647E-03 -5.13136E-02  2.58462E+01  5.03905E+01 -6.55159E+00  6.14010E+00 -1.01049E-01 -2.97647E-03 -5.13136E-02  2.58462E+01  5.26154E+01 -7.74319E+00  6.20842E+00 -1.01049E-01 -2.97647E-03 -5.13136E-02
   2.58462E+01  5.03905E+01 -6.55159E+00  6.14010E+00 -9.31248E-02 -2.23426E-03 -4.77183E-02  2.95385E+01  5.17870E+01 -7.72477E+00  7.91057E+00 -9.31248E-02 -2.23426E-03 -4.77183E-02  2.95385E+01  5.38462E+01 -8.95173E+00  7.96989E+00 -9.31248E-02 -2.23426E-03 -4.77183E-02
   2.95385E+01  5.17870E+01 -7.72477E+00  7.91057E+00 -8.28619E-02 -1.50053E-03 -4.26259E-02  3.32308E+01  5.31834E+01 -8.94575E+00  9.95163E+00 -8.28619E-02 -1.50053E-03 -4.26259E-02  3.32308E+01  5.50769E+01 -1.01890E+01  1.00011E+01 -8.28619E-02 -1.50053E-03 -4.26259E-02
   3.32308E+01  5.31834E+01 -8.94575E+00  9.95163E+00 -6.89140E-02 -5.49473E-04 -3.60400E-02  3.69231E+01  5.45799E+01 -1.02003E+01  1.22743E+01 -6.89140E-02 -5.49473E-04 -3.60400E-02  3.69231E+01  5.63077E+01 -1.14386E+01  1.23131E+01 -6.89140E-02 -5.49473E-04 -3.60400E-02
   3.69231E+01  5.45799E+01 -1.02003E+01  1.22743E+01 -4.96817E-02  1.08282E-03 -2.80123E-02  4.06154E+01  5.59763E+01 -1.14687E+01  1.48882E+01 -4.96817E-02  1.08282E-03 -2.80123E-02  4.06154E+01  5.75385E+01 -1.26808E+01  1.49157E+01 -4.96817E-02  1.08282E-03 -2.80123E-02
   4.06154E+01  5.59763E+01 -1.14687E+01  1.48882E+01 -2.33530E-02  4.23908E-03 -1.71037E-02  4.43077E+01  5.73728E+01 -1.27249E+01  1.78164E+01 -2.33530E-02  4.23908E-03 -1.71037E-02  4.43077E+01  5.87692E+01 -1.38897E+01  1.78332E+01 -2.33530E-02  4.23908E-03 -1.71037E-02
   4.43077E+01  5.73728E+01 -1.27249E+01  1.78164E+01  9.86492E-03  3.31192E-02  1.05821E-02  4.80000E+01  5.87692E+01 -1.39312E+01  2.11403E+01  9.86492E-03  3.31192E-02  1.05821E-02  4.80000E+01  6.00000E+01 -1.49906E+01  2.11770E+01  9.86492E-03  3.31192E-02  1.05821E-02
